----------Resultado-----------
|1.513904|
|-1.704392|
|1.210263|
|-0.201160|
|-0.503609|
|10.489665|
|-0.620776|
|0.240014|
|-0.897786|
|0.914396|
|-0.448630|
|11.908497|
|-1.840964|
|1.072445|
|-0.165148|
|-1.502017|
|-0.530739|
|2.120796|
|0.168727|
|1.627325|
|17.120755|
|1.834192|
|3.358570|
|-0.092924|
|4.210817|
|8.450214|
|-0.440283|
|6.982565|
|-0.586810|
|1.090861|
|-0.597230|
|4.629976|
|-2.473026|
|0.974946|
|-2.589028|
|1.285655|
|-5.457781|
|-2.126830|
|7.657995|
|1.982497|
|0.177629|
|-0.197013|
|-0.206998|
|3.816335|
|2.715450|
|-0.503070|
|0.369887|
|-0.212048|
|-0.310993|
|5.302463|
|1.165830|
|-1.633766|
|-2.453483|
|2.034602|
|6.935026|
|-0.577173|
|-0.235927|
|1.583495|
|0.710323|
|0.764506|
|0.718299|
|1.040294|
|4.414402|
|-1.220315|
|1.796475|
|1.234468|
|0.401121|
|2.939340|
|-0.371811|
|1.454939|
|1.775342|
|4.969495|
|-0.657397|
|0.285295|
|0.391973|
|-0.702797|
|0.079102|
|-0.993947|
|-0.002588|
|-0.593962|
|0.475525|
|-2.514258|
|-1.673558|
|1.114054|
|0.599803|
|0.413376|
|-0.624814|
|2.449093|
|18.493330|
|-1.233735|
|-0.180918|
|2.179251|
|70.157562|
|-0.743185|
|1.554491|
|0.098721|
|1.441887|
|0.653519|
|5.107779|
|1.590104|
|0.432687|
|0.232315|
|1.143812|
|-0.707843|
|2.062339|
|-0.357751|
|1.612806|
|-0.140898|
|1.770920|
|-0.493657|
|-0.076680|
|1.076983|
|-0.816659|
|0.052933|
|2.097739|
|0.702118|
|0.548127|
|1.817852|
|1.089208|
|1.149467|
|1.213809|
|0.018356|
|0.352752|
|10.058134|
|-4.038066|
|-0.379813|
|12.121825|
|3.057447|
|-0.355921|
|3.839619|
|-0.699173|
|10.518225|
|1.145088|
|-2.250814|
|-0.832612|
|-0.381452|
|1117.030578|
|-2.086895|
|1.805070|
|1.555649|
|-0.119567|
|-0.889861|
|-0.679192|
|-0.597219|
|-0.950106|
|0.771304|
|0.563825|
|-5.738708|
|-0.490192|
|-1.918295|
|-1.217272|
|3.292913|
|-0.425763|
|1.160068|
|0.478107|
|88.256460|
|0.915261|
|0.639414|
|6.400326|
|0.057730|
|-3.189189|
|0.413649|
|2.145036|
|0.144921|
|-1.631803|
|2.614949|
|1.845444|
|3.017233|
|-0.007704|
|4.422335|
|-0.110390|
|-0.717651|
|7.769232|
|0.055423|
|2.625718|
|0.998322|
|0.530241|
|0.800784|
|1.610531|
|1.446505|
|0.885938|
|2.140217|
|2.005694|
|-0.556249|
|-0.899555|
|3.047519|
|0.638930|
|1.677555|
|1.212197|
|0.373795|
|1.776745|
|0.900630|
|5.886329|
|0.549448|
|1.239253|
|0.823895|
|49.626006|
|7.641213|
|-0.388334|
|0.904698|
|0.956357|
|0.970001|
|0.845412|
|-1.264760|
|-0.741258|
|-0.787524|
|0.710248|
|1.013724|
|-0.227014|
|-0.802666|
|1.004285|
|0.286710|
|0.888812|
|-1.713090|
|2.880885|
|0.663157|
|34.296701|
|1.055474|
|-1.919283|
|-0.447818|
|-0.501558|
|0.397810|
|-0.094007|
|4.182366|
|-0.070619|
|1.050013|
|6.803612|
|3.685065|
|-0.240330|
|6.561455|
|-0.720335|
|0.778388|
|2.411122|
|25.756169|
|1.784150|
|0.599424|
|-2.955897|
|1.903699|
|0.155892|
|2.879967|
|2.810791|
|-0.083660|
|-0.656361|
|5.515978|
|0.666179|
|4.745486|
|-0.300452|
|-3.140801|
|-0.511509|
|0.249821|
|0.103962|
|1.282824|
|10.753110|
|3.908851|
|-0.716150|
|-0.204238|
|0.594307|
|1.340165|
|1.382540|
|2.370620|
|5.764995|
|0.088635|
|-2.097889|
|2.506990|
|1.381971|
|0.116470|
|2.813399|
|0.197701|
|0.286330|
|1.419478|
|-0.812715|
|1.795213|
|0.006642|
|3.105444|
|1.006756|
|0.546971|
|-0.808944|
|-0.412230|
|-0.198713|
|17.160398|
|1.081112|
|-1.380698|
|0.691526|
|0.195305|
|0.633637|
|-0.957491|
|4.107190|
|-0.425418|
|1.476519|
|-0.303923|
|0.691847|
|-0.510727|
|0.347435|
|3.681974|
|-6.916753|
|-1.157195|
|1.840124|
|-4.453766|
|2.585742|
|1.286422|
|0.912878|
|-0.224419|
|1.803824|
|2.802792|
|-0.253633|
|-0.733324|
|2.097276|
|0.704166|
|-1.669144|
|-4.336008|
|1.222059|
|-0.376792|
|-0.247136|
|-1.759053|
|1.956511|
|-4.165354|
|-0.454418|
|4.938856|
|-0.239429|
|-0.268709|
|0.356217|
|2.615611|
|-1.650268|
|0.941277|
|2.373249|
|0.465312|
|7.147680|
|1.512970|
|1.600942|
|-1.962862|
|1.346051|
|2.136720|
|-29.531692|
|0.600656|
|6.986178|
|2.651179|
|1.167264|
|-3.180218|
|1.171206|
|-0.115767|
|0.805084|
|0.633045|
|1.309523|
|0.763308|
|-0.737427|
|6.194780|
|10.973779|
|-0.432871|
|0.702163|
|0.609923|
|3.317627|
|0.748832|
|-0.462194|
|-1.119359|
|0.091293|
|2.059906|
|1.687534|
|-1.127749|
|0.445895|
|-1.116661|
|0.483074|
|3.059878|
|10.772250|
|6.640405|
|6.289163|
|2.674100|
|5.578039|
|-0.700695|
|2.451752|
|0.311606|
|1.887739|
|-26.774564|
|0.671069|
|3.230621|
|1.241980|
|-0.498033|
|8.467968|
|1.730637|
|9.920728|
|2.870938|
|2.500998|
|-0.122814|
|-0.271334|
|-1.011675|
|0.640348|
|-1.024083|
|-0.134089|
|-0.059704|
|2.180881|
|-18.986211|
|-0.212501|
|13.267092|
|-0.748536|
|2.380760|
|1.666924|
|5.591499|
|1.636597|
|-1.595278|
|1.223218|
|-3.644032|
|2.094757|
|1.530104|
|2.914045|
|-2.039206|
|-0.308656|
|2.048672|
|1.016738|
|27.030984|
|8.617990|
|1.170143|
|-0.509255|
|-0.607186|
|-0.453366|
|-0.562128|
|-0.346683|
|-1.094805|
|0.801105|
|0.404627|
|-0.364582|
|2.598031|
|2.424402|
|-1.806166|
|1.611537|
|3.992631|
|2.605867|
|-0.264786|
|2.970916|
|1.288852|
|-2.316953|
|0.156774|
|0.191317|
|1.817338|
|6.758521|
|0.124558|
|0.124330|
|0.726628|
|-0.214948|
|1.114444|
|-0.862437|
|-0.037856|
|0.314255|
|-0.053817|
|4.016447|
|1.476843|
|2.787692|
|-0.447584|
|1.058119|
|0.732862|
|16.140263|
|-13.410295|
|-0.404461|
|23.241936|
|-7.918668|
|3.886612|
|3.952924|
|0.842433|
|0.259388|
|5.239466|
|12.391704|
|39.792628|
|1.453147|
|-1.480659|
|-0.531463|
|-0.404051|
|1.238981|
|1.548028|
|0.303061|
|1.255866|
|-2.828195|
|-0.162415|
|0.646973|
|1.369678|
|5.227276|
|-0.899975|
|2.340953|
|6.244159|
|-0.083964|
|0.698458|
|1.126245|
|0.147210|
|-0.759792|
|-0.606158|
|1.679765|
|-0.489365|
|3.792646|
|1.050701|
|0.354991|
|-0.266750|
|-1.308554|
|-0.646074|
|-0.579056|
|1.671705|
|0.626266|
|3.937712|
|14.827342|
|2.079611|
|3.325443|
|-1.124778|
|1.535528|
|-2.260802|
|14.293380|
|2.820696|
|-4.963247|
|2.477530|
|-0.431245|
|0.869508|
|3.709705|
|0.295720|
|2.419151|
|-1.565406|
|0.553964|
|1.812244|
|0.790132|
|-0.861793|
|0.889367|
|1.295975|
|-4.987011|
|0.946247|
|1.778076|
|-1.630075|
|1.099440|
|-0.471397|
|-0.699218|
|0.738410|
|6.973462|
|1.000838|
|-1.065620|
|-1.297357|
|0.600315|
|3.585095|
|0.484087|
|0.218857|
|1.218856|
|-0.615569|
|0.498405|
|-0.053461|
|1.337988|
|1.924498|
|1.465491|
|0.575657|
|0.624314|
|-0.784013|
|8.137699|
|-0.712369|
|1.984873|
|-0.717547|
|0.580692|
|0.637006|
|0.730684|
|6.025597|
|0.499076|
|0.299843|
|0.008706|
|-1.898292|
|4.788548|
|3.041018|
|0.006878|
|1.630507|
|0.949610|
|0.676950|
|-0.123246|
|-8.106068|
|-0.056533|
|1.909568|
|1.919109|
|2.085026|
|1.387195|
|0.427566|
|-0.375387|
|8.739565|
|3.571240|
|-0.214148|
|-1.098612|
|-1.354742|
|2.598787|
|3.827829|
|0.764600|
|-0.741629|
|0.153079|
|-2.009956|
|4.427504|
|2.713327|
|-0.504177|
|-4.718643|
|0.208668|
|1.499386|
|-0.997574|
|-1.232065|
|-0.488414|
|0.281029|
|4.908158|
|1.671243|
|1.955079|
|1.324001|
|-0.502023|
|6.688961|
|22.269028|
|0.260759|
|-0.019956|
|1.934642|
|-0.820739|
|-0.198625|
|0.379591|
|-1.110081|
|3.349108|
|1.203156|
|-0.925251|
|-0.029050|
|-0.829915|
|-0.133449|
|-5.309504|
|3.737692|
|-0.349943|
|-0.023848|
|-0.143486|
|1.264679|
|1.826594|
|-0.002458|
|-0.404489|
|-1.057662|
|0.622632|
|1.341277|
|2.213786|
|-0.260304|
|-0.123192|
|-0.459267|
|-0.376920|
|-0.071765|
|-0.856661|
|7.905355|
|0.686636|
|-0.332475|
|0.509813|
|2.405051|
|0.554005|
|-6.584712|
|1.888435|
|-0.316019|
|21.729994|
|2.556720|
|-2.364591|
|-3.008666|
|0.020928|
|0.233776|
|0.649729|
|1.501033|
|-1.766582|
|-2.304911|
|0.265597|
|-0.490693|
|5.330324|
|-2.140401|
|-1.192540|
|5.561387|
|0.173280|
|-4.009247|
|10.709979|
|-1.167965|
|0.093819|
|-0.895089|
|0.086059|
|1.829249|
|0.280931|
|0.016383|
|-1.523003|
|2.048308|
|1.130688|
|0.047046|
|-1.593063|
|0.775227|
|-0.179631|
|-1.928000|
|0.841587|
|3.356091|
|0.932439|
|-0.164371|
|1.850647|
|0.722070|
|-0.632540|
|-1.006476|
|1.138588|
|1.070172|
|3.474289|
|1.288877|
|-0.411978|
|-0.753119|
|-0.405948|
|-1.094203|
|1.204416|
|0.561803|
|0.440786|
|62.600087|
|0.765074|
|-2.537761|
|2.167127|
|-0.387100|
|-0.376142|
|1.067978|
|3.543899|
|1.264348|
|-2.626770|
|1.435175|
|-0.325028|
|1.318226|
|-1.150905|
|-1.437558|
|-0.274667|
|-0.434472|
|-3.095433|
|-0.146212|
|0.053628|
|-0.421824|
|-1.230324|
|0.168450|
|0.440460|
|-0.781456|
|-0.515806|
|1.477970|
|0.570343|
|-0.494237|
|17.356142|
|5.261452|
|-1.161624|
|1.427201|
|2.187790|
|1.413835|
|0.428580|
|-1.005755|
|-1.138114|
|-0.467707|
|5.876930|
|-0.888896|
|1.066956|
|-1.720690|
|-0.781018|
|1.491540|
|1.041257|
|-0.053102|
|-0.465411|
|0.774898|
|0.766852|
|1.521471|
|1.136772|
|-0.963239|
|0.602634|
|0.177494|
|-0.581681|
|0.963058|
|0.701264|
|-0.084585|
|0.372221|
|17.377189|
|-0.314867|
|0.774695|
|0.808680|
|0.630666|
|0.277965|
|1.093250|
|1.687283|
|1.714361|
|0.696176|
|-4.274465|
|0.146636|
|-0.895487|
|-4.437363|
|-0.547435|
|-217.571236|
|5.623497|
|0.037435|
|0.312359|
|-0.897445|
|0.671967|
|1.105928|
|-0.287943|
|0.681094|
|1.533879|
|-0.618216|
|1.236206|
|-1.434715|
|0.775334|
|0.474661|
|-1.862184|
|-0.681158|
|0.491459|
|1.381785|
|0.317897|
|0.595752|
|0.906447|
|0.483132|
|0.040751|
|8.364710|
|0.416676|
|-0.247449|
|-0.122876|
|-0.841086|
|1.091868|
|0.675069|
|-1.265784|
|0.909833|
|5.698378|
|-0.953699|
|-1.607066|
|0.003815|
|10.155737|
|3.089228|
|-114.038666|
|1.158239|
|19.173997|
|-0.029980|
|-1.012339|
|3.106151|
|0.340297|
|0.564273|
|0.256384|
|1.171133|
|0.230269|
|-1.794190|
|1.349124|
|0.513856|
|0.189167|
|0.163541|
|1.845694|
|2.150203|
|3.991795|
|-0.388796|
|0.849715|
|-0.148039|
|19.276602|
|0.852765|
|4.290624|
|1.245122|
|-1.228132|
|-0.706472|
|2.644368|
|0.014276|
|0.719322|
|0.966995|
|3.800456|
|1.088896|
|0.381717|
|0.204713|
|0.516879|
|0.522861|
|3.278563|
|1.898134|
|-8.098336|
|11.346544|
|0.771480|
|1.437438|
|-0.492353|
|0.226169|
|-0.875973|
|-0.339482|
|-0.125001|
|-0.728350|
|7.634320|
|1.500133|
|-1.197259|
|1.588917|
|1.403881|
|-0.417327|
|2.066260|
|3.637461|
|-2.869253|
|8.012343|
|-0.522821|
|-1.394150|
|-1.133496|
|1.719631|
|-0.204016|
|1.153447|
|51.169600|
|1.201977|
|1.598786|
|-0.222396|
|-0.784394|
|1.516263|
|-0.026776|
|0.790472|
|1.246752|
|-0.578205|
|0.988094|
|0.177189|
|0.664236|
|2.767403|
|3.750123|
|0.126028|
|1.605395|
|0.758058|
|-0.361541|
|0.319070|
|-0.067571|
|4.631704|
|-0.037457|
|-1.661127|
|1.986620|
|0.043991|
|0.477357|
|-0.320405|
|2191.665934|
|-0.384578|
|-0.586229|
|0.532123|
|2.037270|
|1.067068|
|-3.126542|
|0.839006|
|-1.760542|
|-0.436084|
|0.407223|
|4.782246|
|-1.680415|
|4.299254|
|2.166653|
|0.164872|
|0.556217|
|-0.808886|
|-0.724694|
|-0.501094|
|-0.627232|
|-0.380312|
|-0.774590|
|2.219741|
|343.338206|
|4.735750|
|1.920742|
|1.883956|
|-0.723354|
|5.150110|
|3.208335|
|-0.664297|
|0.600321|
|-2.139222|
|11.694080|
|0.114215|
|0.905780|
|-1.277121|
|0.743052|
|1.733759|
|-0.007140|
|1.150392|
|13.641991|
|2.068314|
|-0.129442|
|0.229891|
|0.708106|
|2.801176|
|-0.461871|
|0.401629|
|1.595454|
|-1.646938|
|1.460107|
|2.397568|
|-1.303673|
|1.075976|
|1.051556|
|0.204357|
|11.807145|
|2.044043|
|0.949240|
|1.559185|
|3.916207|
|0.106691|
|1.419784|
|-0.580492|
|8.152595|
|2.278931|
|3.222553|
|1.290476|
|-6.964638|
|1.376895|
|-0.039473|
|-0.107779|
|32.645638|
|1.328329|
|-13.273307|
|2.998542|
|1.247170|
|-0.468341|
|1.181654|
|-6.836496|
|1.137121|
|-0.313521|
|4.019762|
|-0.287598|
|3.653873|
|-1.881551|
|-0.422859|
|0.253501|
|-0.794402|
|10.054341|
|-0.096940|
|0.757098|
|-1.625833|
|0.179894|
|-0.455709|
|-0.519180|
|0.621684|
|-1.390119|
|-1.566347|
|-5.927775|
|2.141874|
|2.024681|
|-3.008016|
|0.230891|
|0.936680|
|15.172934|
|-1.294792|
|0.297962|
|-0.208570|
|2.742845|
|10.263547|
|1.457577|
|-0.187547|
|0.025704|
|-0.381077|
|1.460582|
|-0.621311|
|1.543807|
|1.034637|
|2.998867|
|0.053675|
|-0.290800|
|-1.202593|
|0.348948|
|8.664706|
|1.075498|
|-0.533550|
|3.372036|
|3.971381|
|1.662083|
|0.641503|
|-1.153754|
|-0.500396|
|0.390556|
|0.377447|
|-1.881052|
|0.168705|
|4.358504|
|0.278690|
|4.338699|
|3.070251|
|1.191641|
|-1.281246|
|0.558898|
|-0.193914|
|3.084334|
|-0.848213|
|-0.569718|
|1.297765|
|23.487925|
|-0.051072|
|-1.160177|
|0.276901|
|1.384133|
|-0.290579|
|0.666454|
|-1.609244|
|0.509375|
|-0.698700|
|-0.502932|
|-0.770153|
|-0.539929|
|0.348169|
|-0.181138|
|0.776290|
|0.606660|
|2.012272|
|0.281362|
|0.810049|
|2.947788|
|1.629558|
|-2.377367|
|2.351859|
|-0.781731|
|1.481158|
|0.127643|
|-0.488945|
|0.624548|
|0.771447|
|3.969471|
|0.471443|
|0.362592|
|-3.600920|
|-0.083079|
|1.962259|
|9.861512|
|0.703226|
|0.073498|
|-0.706548|
|1.040456|
|-0.417875|
|1.070253|
|0.865820|
|0.049190|
|0.028955|
|0.991394|
|0.951840|
|0.108614|
|1.228026|
|-0.888019|
|-0.634465|
|0.318612|
|0.155654|
|0.565481|
|-1.181137|
|1.869281|
|7.095260|
|0.227393|
|-21.003782|
|2.189482|
|-0.031832|
|8.126233|
|1.762728|
|2.531489|
|0.827523|
|-0.059845|
|0.459230|
|-0.411756|
|1.180098|
|7.138122|
|0.658660|
|3.365864|
|0.480801|
|-0.308511|
|0.283310|
|-2.182149|
|1.101841|
|0.340709|
|-0.555577|
|5.814985|
|-0.386852|
|-0.327444|
|-0.214002|
|2.672960|
|1.194739|
|0.067193|
|-1.672372|
|0.422473|
|1.655880|
|6.223193|
|0.004901|
|-3.136576|
|-1.680395|
|0.629368|
|2.460328|
|7.006757|
|2.358860|
|0.041411|
|0.044013|
|0.892321|
|-0.820152|
|8.844220|
|-6.757996|
|1.685643|
|-0.851387|
|0.151139|
|-1.948662|
|1.907062|
|-0.874839|
|-0.292273|
|-0.927560|
|1.930500|
|-0.539139|
|1.221960|
|5.876312|
|1.267997|
|4.733063|
|0.831292|
|-0.678667|
|0.161282|
|1.031314|
|1.113479|
|2.077183|
|-0.619299|
|-0.625687|
|-0.680611|
|-2.364544|
|-0.104809|
|20.707300|
|0.739135|
|4.157180|
|2.395687|
|0.410321|
|2.033906|
|0.855279|
|0.161348|
|0.978767|
|-1.017580|
|-1.792593|
|0.359817|
|0.489654|
|2.336944|
|11.772882|
|0.921880|
|126.715492|
|5.888751|
|2.110203|
|1.086302|
|-0.385092|
|1.065138|
|-0.477474|
|1.611495|
|3.630943|
|0.180555|
|182.786315|
|-1.813504|
|1.074340|
|0.680231|
|49.048002|
|2.073096|
|-3.290819|
|4.114452|
|-9.058525|
|-1.201671|
|1.183216|
|0.464597|
|2.827561|
|-0.340206|
|0.261056|
|3.928932|
|-0.973018|
|-2.157604|
|0.934816|
|-2.032396|
|0.909828|
|4.058483|
|0.405741|
|0.295169|
|1.393323|
|1.094012|
|1.344238|
|1.139917|
|0.844126|
|1.275552|
|0.833902|
|-0.073081|
|-1.881859|
|0.605994|
|-0.576553|
|-10.012893|
|-1.665967|
|-0.193736|
|-0.139816|
|-1.358117|
|9.715620|
|-0.095713|
|2.082725|
|4.393122|
|0.318359|
|-0.273716|
|1.017845|
|0.436119|
|0.997515|
|1.918222|
|0.240417|
|0.810317|
|-0.111813|
|0.209753|
|0.029121|
|0.384496|
|-1.101520|
|-0.423190|
|0.929689|
|-6.373701|
|0.291802|
|-0.006263|
|-1.790534|
|0.286269|
|0.391884|
|0.927836|
|-0.506657|
|2.481439|
|-0.432787|
|3.248043|
|-0.360317|
|0.577979|
|2.083086|
|1.198137|
|0.863187|
|1.307690|
|2.359147|
|1.281588|
|0.923329|
|2.073075|
|1.074405|
|9.731266|
|-0.180147|
|-0.277584|
|-1.272284|
|16.211131|
|1.859568|
|-0.203564|
|0.449398|
|1.121435|
|2.351221|
|1.261166|
|1.962023|
|-1.278208|
|-0.406761|
|1.650139|
|0.668259|
|0.562605|
|2.956742|
|-0.101106|
|12.024953|
|1.127573|
|-0.728405|
|0.445265|
|0.364681|
|0.841803|
|2.231295|
|1.978605|
|0.014457|
|-0.550525|
|-0.621593|
|3.364879|
|2.041333|
|1.449511|
|-2.683692|
|0.134428|
|0.459768|
|-1.890631|
|-0.835442|
|0.616448|
|-0.256687|
|0.898753|
|2.745353|
|-1.025883|
|0.847141|
|-0.818815|
|1.113016|
|0.861053|
|-0.584852|
|1.808002|
|1.042075|
|0.352373|
|-0.869252|
|-0.946447|
|0.441591|
|0.605060|
|0.954847|
|1.297994|
|2.718430|
|33.784303|
|-1.574127|
|-1.569159|
|37.493667|
|-0.933299|
|12.624252|
|-1.596025|
|-0.568357|
|0.700125|
|13.155554|
|1.368262|
|33.388812|
|-0.306950|
|1.168509|
|-1.134863|
|-1.367172|
|0.929916|
|-5.261703|
|0.675783|
|3.272408|
|1.760391|
|1.626482|
|38.374921|
|0.206695|
|-0.766289|
|2.018988|
|-19.293634|
|-0.860880|
|0.074457|
|-0.114500|
|0.075145|
|2.812218|
|-0.121344|
|-0.358348|
|-0.593181|
|-1.433314|
|-0.396181|
|-0.293163|
|-0.278979|
|-113.851588|
|0.378357|
|0.609646|
|-0.228052|
|0.032037|
|1.127638|
|1.313876|
|0.348451|
|-0.170883|
|0.716484|
|-1.465188|
|0.739264|
|0.135366|
|0.973323|
|-4.055445|
|0.592785|
|0.776457|
|0.530157|
|-0.665429|
|2.257903|
|2.989049|
|-1.123516|
|-1.511949|
|-1.659457|
|-0.787101|
|0.660084|
|0.167846|
|-0.425866|
|0.914888|
|4.191093|
|3.296604|
|0.794990|
|1.297113|
|2.524068|
|-0.263796|
|13.272385|
|0.755061|
|0.587141|
|-1.576355|
|0.865040|
|-0.222805|
|1.590996|
|0.277633|
|-6.363163|
|-0.038011|
|3.910553|
|-0.649127|
|1.475612|
|-1.114408|
|-0.891402|
|-0.868822|
|2.161356|
|-0.150995|
|1.856207|
|-0.029630|
|-0.148085|
|3.887815|
|1.389526|
|0.827577|
|0.904175|
|1.264780|
|2.356910|
|-0.569920|
|1.192384|
|-1.016345|
|0.186934|
|0.819051|
|0.862107|
|-0.216541|
|0.058718|
|-0.525656|
|0.573352|
|2.631134|
|6.629179|
|-0.076107|
|-2.965299|
|2.103958|
|-1.539820|
|0.780663|
|4.140150|
|3.052081|
|0.285835|
|1.296406|
|0.528293|
|0.858807|
|0.911379|
|10.776221|
|1.210876|
|-14.912732|
|2.465364|
|0.292713|
|-0.804340|
|9.518442|
|-0.647884|
|55.883725|
|-0.318263|
|6.036576|
|-1.152212|
|-0.545961|
|-1.132818|
|0.662302|
|1.034913|
|2.300842|
|2.006391|
|1.558128|
|0.495968|
|840.380122|
|-0.650512|
|-0.031171|
|0.600245|
|0.645921|
|-0.579444|
|1.888979|
|45.122549|
|1.603187|
|2.123759|
|-0.001547|
|1.488421|
|-0.285758|
|-1.003669|
|5.165957|
|-0.465838|
|0.748982|
|1.089239|
|-5.658747|
|1.688684|
|-0.738654|
|0.124635|
|-0.088350|
|-0.615261|
|3.042506|
|2.308606|
|0.667843|
|0.077527|
|-0.046371|
|-1.241701|
|2.907595|
|2.578691|
|1.922680|
|2.483775|
|-0.828173|
|-0.958926|
|-0.798075|
|1.291921|
|0.881057|
|-7.442363|
|2.145172|
|21.718187|
|-0.724186|
|2.411817|
|-0.328486|
|2.049885|
|-0.316420|
|18.093706|
|3.602012|
|0.427388|
|0.508114|
|1.189530|
|-15.232288|
|-0.675417|
|-1.002553|
|0.839275|
|-0.620025|
|5.610394|
|33.558158|
|0.338496|
|-0.303318|
|-0.287388|
|3.120856|
|-3.666632|
|1.651291|
|1.156625|
|-0.364357|
|0.010903|
|0.307562|
|-1.970380|
|-0.028429|
|1.683842|
|0.340509|
|0.505428|
|-7.121002|
|-0.416344|
|2.774544|
|-0.129363|
|-4.791948|
|-0.243563|
|3.125347|
|-1.767779|
|0.932204|
|-0.461720|
|7.603007|
|2.870279|
|0.363679|
|0.423786|
|0.559818|
|2.920552|
|-1.563569|
|1.091911|
|-2.243630|
|0.323198|
|5.734532|
|-0.356072|
|0.982746|
|3.152759|
|1.429532|
|-0.654555|
|2.379847|
|0.708674|
|7.845315|
|-0.876753|
|-1.062707|
|-0.450282|
|0.817403|
|3.516154|
|0.945936|
|-1.347983|
|2.200568|
|10.892943|
|-0.177711|
|0.316262|
|1.301905|
|1.388824|
|4.928740|
|0.840784|
|-0.496353|
|-0.700350|
|5.233179|
|1.715077|
|-0.267544|
|0.852959|
|6.306792|
|0.601402|
|1.353472|
|-1.321997|
|-7.857720|
|-0.753989|
|2.555916|
|9.459494|
|-5.496775|
|1.164848|
|0.903308|
|-5.871912|
|-1.134897|
|1.080176|
|2.589186|
|-0.494673|
|-0.511194|
|-2.488656|
|8.316502|
|1.067033|
|0.377495|
|2.571368|
|0.473530|
|20.552853|
|2.868907|
|-2.343761|
|1.078177|
|-0.887319|
|-0.633973|
|1.039414|
|2.142684|
|-0.580603|
|-0.943845|
|-2.634921|
|3.270208|
|1.229997|
|0.960314|
|0.103870|
|0.640854|
|-0.563809|
|1.441146|
|-3.169329|
|2.123993|
|0.695715|
|6.120160|
|4.751330|
|-0.610800|
|0.195040|
|-0.014329|
|-0.499043|
|4.425700|
|-34.704957|
|5.317599|
|-5.431209|
|12.403938|
|-0.305152|
|1.327355|
|1.556938|
|-0.822264|
|7.235881|
|-2.971665|
|-27.006229|
|1.593099|
|-2.217649|
|4.265809|
|1.070876|
|4.491397|
|0.603410|
|0.559672|
|2.068297|
|-0.089024|
|23.243618|
|1.313504|
|57.593101|
|0.933961|
|-1.356733|
|0.098095|
|-3.136043|
|-0.311228|
|2.739122|
|0.694451|
|7.308301|
|0.694191|
|0.134952|
|23.055573|
|0.344598|
|-2.430994|
|-0.684769|
|0.329263|
|-1.581882|
|1.105045|
|-0.679681|
|-0.706097|
|1.719234|
|2.007765|
|-1.030540|
|3.740810|
|4.307738|
|-4.044684|
|-0.394618|
|0.190050|
|1.217428|
|0.910809|
|-2.139420|
|-2.953323|
|0.496248|
|8.068758|
|-0.332327|
|-0.443554|
|-2.381563|
|0.102942|
|-3.050835|
|4.270343|
|0.375900|
|2.041108|
|0.396030|
|2.879187|
|8.854339|
|5.438282|
|1.864241|
|0.597958|
|-0.022989|
|10.613629|
|-0.357355|
|-0.889285|
|0.921072|
|0.017116|
|0.225793|
|1.068218|
|2.640720|
|5.926586|
|-0.572677|
|0.964931|
|29.463985|
|-1.721371|
|-2.186013|
|0.871067|
|1.711559|
|-0.648228|
|6.952697|
|-0.730501|
|-2.449718|
|6.160182|
|1.984113|
|-0.228094|
|-0.879586|
|0.375536|
|0.090557|
|0.412427|
|-0.394049|
|1.334622|
|-0.004303|
|-1.978527|
|0.586964|
|1.465092|
|-0.110068|
|-1.041063|
|0.806701|
|0.866681|
|1.622391|
|1.794668|
|-5.288563|
|0.233289|
|5.962673|
|-0.593728|
|0.473351|
|1.347397|
|2.034624|
|-0.157805|
|-0.383539|
|0.231746|
|-0.267273|
|-1.200386|
|14.808929|
|0.367072|
|1.181478|
|0.155315|
|-0.364734|
|-0.966091|
|0.449185|
|-1.175510|
|0.680359|
|0.377726|
|19.030503|
|-0.644389|
|3.222823|
|0.034367|
|1.653058|
|1.342332|
|0.905326|
|1.569294|
|-0.178226|
|-0.224661|
|0.083670|
|-0.030883|
|-0.172089|
|2.584840|
|-3.857182|
|-2.703192|
|1.683252|
|-1.769822|
|2.283328|
|0.342361|
|1.207910|
|5.647469|
|1.252271|
|1.430182|
|3.008324|
|0.202623|
|0.479676|
|9.684713|
|-0.682187|
|0.112432|
|0.834447|
|1.588596|
|-0.346800|
|0.515080|
|-0.678091|
|3.216430|
|0.834459|
|0.968866|
|1.323203|
|1.469128|
|-0.967667|
|-1.262006|
|-10.369630|
|-1.520239|
|4.405332|
|2.014076|
|3.789846|
|-0.247916|
|0.652896|
|-0.893620|
|-0.413207|
|-0.510615|
|1.111722|
|-47.514454|
|1.267885|
|1.183265|
|-0.775838|
|1.677725|
|-0.141180|
|1.035776|
|-0.930265|
|2.469475|
|1.107458|
|83.788064|
|0.059661|
|2.758016|
|0.091012|
|0.064805|
|3.253810|
|-0.788235|
|1.420766|
|0.923651|
|1.633779|
|-0.436234|
|1.242062|
|4.267682|
|0.007331|
|-1.322044|
|-0.826597|
|-0.607722|
|1.334414|
|4.809949|
|-1.007511|
|16.889770|
|-0.056218|
|-1.488628|
|1.435529|
|3.786220|
|36.973858|
|0.638695|
|-0.175830|
|-1.368991|
|4.634946|
|0.295841|
|-1.242778|
|0.518825|
|1.675121|
|-19.128442|
|1.416520|
|1.411958|
|0.277115|
|0.643271|
|1.845347|
|-11.470952|
|3.289910|
|-0.375490|
|-0.979334|
|1.693966|
|3.249144|
|-7.545782|
|2.045846|
|1.177169|
|2.220222|
|1.123099|
|0.634627|
|0.715944|
|4.747002|
|0.385507|
|1.860415|
|-0.494299|
|-0.225551|
|13.963926|
|-0.899624|
|-3.021345|
|0.125754|
|1.701996|
|0.857759|
|-0.527848|
|-1.112604|
|-0.738975|
|21.215401|
|1.194197|
|-0.295762|
|2.065649|
|-0.652609|
|2.268021|
|0.062461|
|1.050946|
|-0.347721|
|-0.170242|
|2.990003|
|0.735054|
|-1.009814|
|3.186866|
|-0.121650|
|39.602241|
|4.947922|
|-0.477872|
|1.655283|
|-0.993725|
|0.450984|
|1.577340|
|-2.373460|
|-0.363932|
|5.254762|
|1.766773|
|0.554239|
|-6.919226|
|0.116419|
|4.032671|
|-0.103515|
|1.797403|
|-0.235773|
|-2.421265|
|-0.940140|
|-0.249855|
|-0.988813|
|1.164275|
|-0.416190|
|0.070351|
|-0.023754|
|1.146552|
|1.268831|
|0.933860|
|0.971246|
|1.299963|
|0.564881|
|0.793139|
|0.808281|
|1.762207|
|0.718422|
|-0.663590|
|-0.494514|
|-0.780367|
|14.803181|
|-0.936438|
|1.136047|
|-0.538563|
|7.937547|
|1.699857|
|1.944785|
|0.335042|
|0.218955|
|0.739372|
|1.631971|
|1.258472|
|3.764046|
|0.794589|
|1.132119|
|0.113635|
|4.393691|
|3.928005|
|0.565131|
|8.341004|
|1.747943|
|-0.273520|
|1.493792|
|1.081405|
|1.309031|
|0.223681|
|-0.700927|
|1.346647|
|-1.286652|
|-1.485747|
|1.513324|
|1.867434|
|-2.635865|
|-0.767802|
|-0.131864|
|6.691232|
|0.804832|
|0.804479|
|-0.445880|
|0.600401|
|0.716511|
|1.318299|
|0.349102|
|1.646459|
|0.234160|
|-0.165546|
|1.286478|
|0.378927|
|41.477882|
|-1.253424|
|13.224159|
|-1.451464|
|0.791489|
|3.459622|
|1.664598|
|1.131042|
|0.602508|
|0.312690|
|0.778576|
|0.857329|
|1.337645|
|6.176547|
|1.541089|
|0.191529|
|-0.361822|
|-0.363967|
|-1.164850|
|-7.561519|
|27.619828|
|0.088483|
|1.525443|
|3.239647|
|-0.331498|
|-0.808817|
|-3.676907|
|-1.819801|
|1.550211|
|-6.632716|
|-3.305705|
|3.639701|
|-0.226050|
|2.822134|
|0.531303|
|-0.434666|
|-1.306015|
|1.486112|
|113.917471|
|1.048420|
|-0.453397|
|8.393943|
|-0.183579|
|-0.478292|
|-0.247422|
|0.547157|
|0.424851|
|1.852909|
|1.131747|
|-3.238097|
|2.258521|
|0.337111|
|0.245396|
|-0.173273|
|2.416452|
|0.781229|
|-0.771068|
|0.990066|
|37.356431|
|1.437439|
|1.886173|
|0.513925|
|-0.225617|
|1.035071|
|1.283162|
|0.102695|
|1.161166|
|3.103882|
|-1.648793|
|1.746656|
|6.014236|
|13.117036|
|-0.623513|
|0.375751|
|-0.741331|
|-0.253287|
|0.880596|
|0.673172|
|-0.711024|
|-5.642576|
|0.854852|
|0.851645|
|2.081757|
|0.390004|
|0.829357|
|4.345557|
|28.446440|
|-1.517896|
|4.594011|
|2.022907|
|0.314708|
|8.362945|
|-4.464664|
|-0.977451|
|0.851946|
|0.966139|
|1.462070|
|1.047474|
|1.433394|
|1.988926|
|7.007639|
|0.824196|
|1.249406|
|-13.098423|
|-0.011170|
|3.394394|
|0.191164|
|0.468894|
|3.254978|
|1.972195|
|1.933349|
|0.311090|
|2.171164|
|-0.720664|
|-0.619512|
|8.474348|
|2.841564|
|1.587664|
|0.928347|
|0.180778|
|2.249198|
|0.757015|
|0.935088|
|-1.103380|
|-1.673859|
|-0.605364|
|-1.349653|
|0.187986|
|1.717653|
|-0.257710|
|1.243738|
|4.582938|
|25.883977|
|5.372668|
|-0.283632|
|8.503068|
|0.801280|
|2.797318|
|-0.120129|
|2.983991|
|-0.015968|
|12.915191|
|0.735045|
|0.830182|
|0.604507|
|2.141992|
|1.177865|
|0.808948|
|0.012956|
|-0.210080|
|-0.480286|
|-1.875792|
|0.244051|
|0.522274|
|0.460851|
|0.409004|
|-0.703385|
|1.409184|
|1.545356|
|1.638839|
|-1.514987|
|-0.509892|
|-0.042567|
|-0.081252|
|0.561555|
|-6.768233|
|-1.498345|
|0.670191|
|-0.713410|
|-1.213184|
|1.369311|
|-0.427235|
|1.354544|
|-1.085953|
|7.064951|
|2.378225|
|2.965801|
|-4.517752|
|0.887850|
|3.334991|
|0.670290|
|-1.038420|
|1.457027|
|-0.312223|
|-0.254752|
|0.682581|
|-4.439355|
|7.911639|
|0.730530|
|0.344828|
|0.174716|
|0.694752|
|1.561488|
|2.282100|
|0.851113|
|2.056882|
|13.177999|
|-0.872808|
|6.403815|
|-0.205562|
|-2.074035|
|0.530659|
|21.334992|
|0.335197|
|-0.574844|
|0.342179|
|150.022850|
|-0.186020|
|2.010168|
|-0.199177|
|-2.048942|
|70.417345|
|7.879289|
|-0.745956|
|2.619857|
|-0.085142|
|2.547968|
|-8.934103|
|1.470725|
|4.678553|
|8.243313|
|0.007032|
|1.840638|
|-0.078169|
|-2.247922|
|3.276194|
|-0.394981|
|-1.238750|
|1.066420|
|2.394784|
|0.561962|
|0.013979|
|2.931010|
|-0.913425|
|42.654010|
|-5.484323|
|1.418066|
|-0.399738|
|0.455239|
|1.577366|
|-0.731385|
|0.238232|
|0.715967|
|-0.753628|
|2.790503|
|1.305596|
|0.117974|
|0.324977|
|0.018594|
|0.045909|
|0.968940|
|-4.397671|
|1.079533|
|0.292975|
|-0.043824|
|-0.468515|
|0.605725|
|1.537627|
|-1.285758|
|-1.020854|
|-0.552518|
|-0.732468|
|-0.103712|
|7.034694|
|1.702989|
|-1.788388|
|-1.528506|
|0.209900|
|-0.672466|
|-0.295618|
|1.028279|
|2.726617|
|-0.437829|
|0.917992|
|-0.559201|
|-0.468344|
|-0.503073|
|1.152819|
|-3.707577|
|0.317792|
|1.149204|
|10.556640|
|0.159541|
|-0.776979|
|-0.952844|
|-0.625922|
|-0.485681|
|0.852580|
|-0.102278|
|-0.805944|
|4.456640|
|0.368986|
|2.920933|
|1.179760|
|1.722957|
|1.676976|
|-0.089029|
|1.718042|
|-0.251444|
|1.984801|
|1.688063|
|1.651503|
|-0.338663|
|-1.058750|
|-1.291573|
|28.436651|
|1.420914|
|-1.145132|
|-0.116139|
|4.156301|
|-0.884428|
|0.961980|
|2.484596|
|0.426144|
|1.670309|
|-0.947639|
|-0.159813|
|-0.474447|
|0.116882|
|1.046976|
|3.228460|
|3.159880|
|-2.805043|
|-1.396796|
|6.632063|
|-0.714694|
|-0.338455|
|-1.443309|
|0.021248|
|0.807815|
|5.467749|
|1.445778|
|1.192193|
|0.533382|
|1.020638|
|4.849550|
|3.628030|
|0.871952|
|1.478634|
|-0.971838|
|0.706947|
|0.664648|
|1.577551|
|-0.338565|
|-3.396033|
|0.349751|
|0.558019|
|2.732733|
|3.190871|
|-1.124875|
|0.467620|
|2.655942|
|2.833227|
|-1.157353|
|-2.719787|
|1.759664|
|-0.935791|
|0.259523|
|2.674522|
|1.108536|
|0.542362|
|-4.336874|
|0.454449|
|-0.009106|
|2.547845|
|0.554718|
|-1.479586|
|0.077826|
|0.091470|
|3.000225|
|-0.534806|
|-0.098670|
|-15.510056|
|-0.125338|
|-1.062903|
|1.755553|
|1.872628|
|-0.343614|
|0.114199|
|1.037256|
|0.369910|
|12.635558|
|-0.040082|
|0.468624|
|1.515204|
|0.618467|
|0.451899|
|0.301019|
|-1.268874|
|0.572822|
|-0.289047|
|1.424323|
|-0.556380|
|10.126634|
|-0.255735|
|0.551685|
|0.317151|
|2.253079|
|0.222079|
|-3.525439|
|0.483517|
|-0.665196|
|0.086924|
|9.485636|
|-1.522717|
|-0.226516|
|-0.316858|
|1.264416|
|0.511916|
|-1.152605|
|0.969538|
|-0.440973|
|7.297843|
|-0.421689|
|-0.697754|
|-0.528269|
|0.444272|
|8.173287|
|-0.694490|
|0.060331|
|2.530068|
|0.453521|
|0.995750|
|0.161444|
|-4.718757|
|1.511211|
|0.592442|
|7.964443|
|3.153909|
|0.751440|
|-2.855626|
|0.245209|
|0.354414|
|-3.066396|
|349.338663|
|1.793514|
|3.829796|
|3.952097|
|-0.010462|
|1.602953|
|-1.668820|
|-4.136611|
|-0.328068|
|0.096646|
|-1.555920|
|2.010627|
|1.513163|
|-0.437579|
|-0.230262|
|-0.107881|
|-1.440326|
|3.572400|
|0.066382|
|1.285303|
|-0.479333|
|14.046233|
|1.514354|
|-5.209206|
|-1.743897|
|5.093152|
|-1.032612|
|2.934014|
|2.494224|
|1.712885|
|-0.230677|
|-0.366169|
|2.238694|
|0.187751|
|0.646302|
|-1.157538|
|5.763415|
|1.317722|
|3.369221|
|2.541409|
|0.125836|
|0.535515|
|1.617113|
|0.221806|
|0.231070|
|-0.255753|
|-0.101467|
|0.395002|
|2.206646|
|6.041552|
|-0.513936|
|0.605665|
|0.812418|
|0.772495|
|0.988563|
|-0.830954|
|4.296058|
|2.586814|
|-0.693697|
|16.797368|
|6.056514|
|1.202488|
|-2.285974|
|2.198299|
|5.146878|
|-1.077140|
|0.219624|
|-75.119778|
|22.203009|
|1.526349|
|0.267325|
|0.515827|
|0.561844|
|1.589967|
|1.986747|
|0.286652|
|0.319314|
|1.222103|
|5.533040|
|0.685042|
|-0.486762|
|-0.539272|
|-1.483714|
|1.513472|
|-0.369497|
|0.606237|
|-0.293344|
|-2.420915|
|1.176591|
|-0.383969|
|1.800980|
|0.517238|
|0.583741|
|0.680738|
|-2.248722|
|1.068530|
|-0.698868|
|-1.766243|
|-0.400046|
|0.479116|
|1.062332|
|0.847572|
|0.895486|
|0.497472|
|-0.516945|
|-3.341877|
|1.325263|
|1.028702|
|-0.632880|
|-0.435423|
|1.716568|
|-33.412908|
|2.943807|
|-0.832725|
|1.352620|
|-6.513809|
|9.369656|
|0.085726|
|1.337870|
|-1.724477|
|-0.475521|
|4.147541|
|1.033860|
|-3.597016|
|-20.808917|
|2.048357|
|-1.061618|
|0.022307|
|-0.572417|
|0.897643|
|1.253714|
|18.522230|
|6.290793|
|-0.571199|
|2.491299|
|-1.916716|
|-1.119054|
|-0.142433|
|-0.365940|
|2.649053|
|2.147724|
|-1.034504|
|-54.928949|
|-7.656682|
|0.737650|
|3.119632|
|5.563244|
|-0.991818|
|1.826738|
|-1.111711|
|-0.323314|
|-0.514645|
|4.708035|
|10.229718|
|0.984628|
|2.354046|
|-0.895499|
|9.236249|
|-1.556129|
|1.783409|
|0.851633|
|0.341767|
|-21.229110|
|2.769164|
|1.479030|
|0.761400|
|24.111373|
|0.951361|
|1.473651|
|0.873504|
|1.384767|
|0.873350|
|-0.240881|
|-0.425274|
|0.660235|
|-0.076115|
|11.252883|
|0.799371|
|-0.142316|
|1.388501|
|0.384546|
|-1.525693|
|-1.081552|
|0.950289|
|-1.516773|
|32.024221|
|0.361228|
|1.424657|
|0.677434|
|1.040765|
|20.295536|
|0.657495|
|0.095517|
|1.790244|
|2.420063|
|14.126958|
|0.010561|
|3.445692|
|-0.951785|
|0.305468|
|0.059484|
|2.195074|
|-0.095609|
|2.674780|
|-2.120786|
|-1.344264|
|2.090576|
|-0.070789|
|0.131137|
|1.282679|
|4.662197|
|-1.999499|
|-25.688550|
|-11.738383|
|-1.951125|
|1.469511|
|12.627883|
|4.269034|
|5.081566|
|1.390484|
|-0.647981|
|128.170136|
|0.045066|
|-0.431325|
|10.189253|
|1.249954|
|1.442373|
|1.226794|
|0.721182|
|1.819600|
|1.619404|
|1.711326|
|-0.163799|
|0.310366|
|5.910005|
|0.687933|
|1.609918|
|0.718139|
|1.027786|
|0.025496|
|1.558583|
|2.478685|
|0.939717|
|-0.497014|
|0.548062|
|3.108823|
|1.511609|
|0.716064|
|0.275369|
|1.601810|
|0.644942|
|-0.058924|
|0.165737|
|0.888637|
|-0.553409|
|0.827172|
|1.303253|
|0.576510|
|0.601093|
|26.105888|
|-1.178028|
|-8.997513|
|130.830005|
|-0.730885|
|0.860295|
|-6.842408|
|2.686347|
|-0.241617|
|-0.623406|
|0.394599|
|2.278613|
|-0.409247|
|2.223992|
|-0.290409|
|0.224526|
|0.824442|
|-0.014370|
|0.870324|
|-0.862244|
|0.686929|
|-1.285021|
|0.245928|
|-0.257377|
|-0.151696|
|2.335372|
|1.674464|
|-0.806253|
|13.086188|
|19.994100|
|-0.975940|
|0.792820|
|-0.437727|
|1.895586|
|0.488611|
|0.195491|
|1.197341|
|-4.117251|
|0.020431|
|-2.219736|
|14.635888|
|-0.945886|
|3.517297|
|0.531187|
|3.022697|
|1.081557|
|-2.776079|
|1.410933|
|1.589443|
|-0.454220|
|6.413481|
|1.193062|
|-2.787990|
|0.093969|
|0.025128|
|-31.474768|
|0.938162|
|-0.488496|
|-0.533498|
|-0.007436|
|0.268286|
|4.474496|
|0.155757|
|1.878123|
|7.200742|
|3.914004|
|0.321314|
|-0.114114|
|-0.170301|
|9.910792|
|0.909796|
|-0.709353|
|-0.102306|
|-0.731250|
|-0.490299|
|0.234045|
|-1.920091|
|0.974934|
|3.286502|
|1.036438|
|-0.612751|
|0.162025|
|-1.840276|
|1.692261|
|-0.980381|
|-0.620147|
|-0.550186|
|1.739332|
|0.413921|
|1.301719|
|0.062385|
|9.133713|
|-0.468639|
|-0.773541|
|-2.687512|
|1.215047|
|0.348749|
|-0.557851|
|1.041474|
|-0.646661|
|0.443384|
|0.114231|
|0.573048|
|1.145130|
|-5.410736|
|-2.797394|
|-0.587455|
|0.025037|
|1.945015|
|0.347297|
|2.363848|
|0.367215|
|0.056772|
|1.089493|
|-0.398936|
|-1.781151|
|-0.950587|
|-1.562778|
|11.061393|
|-0.366986|
|0.336503|
|1.717668|
|-1.168969|
|1.335276|
|1.875318|
|0.033380|
|18.292308|
|-0.119475|
|1.520125|
|-0.618836|
|5.866073|
|1.535069|
|-0.263170|
|-1.309822|
|-0.777429|
|-0.546901|
|0.617255|
|2.382702|
|0.650922|
|-0.978730|
|14.101617|
|1.510853|
|-0.524379|
|10.865673|
|-0.653965|
|-1.176498|
|0.900379|
|4.366754|
|1.957441|
|2.394726|
|1.178106|
|-2.434289|
|1.201095|
|0.482286|
|0.920403|
|0.501157|
|-7.462621|
|0.485929|
|-1.464071|
|4.887081|
|15.502629|
|1.364953|
|-2.461512|
|20.981635|
|1.506163|
|13.835125|
|-0.719270|
|6.875828|
|1.556090|
|-1.020814|
|1.056507|
|0.567470|
|-3.030558|
|0.910852|
|0.883930|
|3.429477|
|1.062544|
|-0.380777|
|0.153469|
|0.922400|
|3.719886|
|1.240283|
|0.848959|
|1.056695|
|-0.119779|
|-0.944560|
|-1.938110|
|-1.306351|
|0.540269|
|2.068868|
|1.395284|
|0.951433|
|-0.162984|
|2.643822|
|0.391034|
|0.119586|
|-0.959051|
|2.047173|
|-0.821649|
|-1.079456|
|-0.200357|
|0.001726|
|0.518492|
|0.232304|
|3.141764|
|-0.116389|
|-2.505295|
|1.507727|
|0.838085|
|1.881893|
|-3.115496|
|-0.307823|
|2.437981|
|-0.129431|
|-0.666970|
|0.783502|
|-9.340139|
|-5.916668|
|-4.808722|
|4.771325|
|0.306228|
|-0.842009|
|-0.495564|
|1.971069|
|-1.308765|
|-3.249356|
|182.244456|
|0.995367|
|0.504404|
|0.147327|
|1.801010|
|1.676398|
|1.665735|
|1.029421|
|-1.662179|
|1.673319|
|-0.045141|
|1.323104|
|0.748968|
|0.294127|
|-0.397006|
|-0.355577|
|0.454211|
|-1.503368|
|1.521399|
|4.588003|
|0.947027|
|0.948694|
|-0.454059|
|0.467752|
|0.586310|
|-9.595659|
|9.070897|
|0.753854|
|0.795025|
|2.765365|
|-567.164962|
|-2.228044|
|0.643500|
|-0.340263|
|-0.783808|
|-0.302625|
|-0.248599|
|-0.194960|
|-0.934112|
|0.135885|
|-0.844662|
|1.620255|
|0.956573|
|-1.266711|
|0.506370|
|0.617943|
|1.156432|
|-3.036629|
|-0.838226|
|0.544340|
|2.414530|
|2.736289|
|-0.643709|
Time:8.299911
