----------Resultado-----------
|1.657865|
|-25.632432|
|0.255070|
|-0.835886|
|0.756789|
|16.853348|
|-0.414409|
|1.771142|
|1.739170|
|12.596040|
|-0.972299|
|1.557577|
|3.531412|
|-0.050956|
|0.631704|
|-0.932988|
|0.220277|
|2.555248|
|3.276220|
|-2.692976|
|1.878136|
|3.200609|
|36.306735|
|-23.289449|
|3.346265|
|-0.170628|
|0.243023|
|0.851818|
|0.809233|
|2.395574|
|0.586754|
|0.172429|
|-0.730987|
|-0.091995|
|3.580591|
|0.248727|
|1.241674|
|0.405707|
|-0.652555|
|1.270433|
|5.833446|
|2.897461|
|2.402214|
|0.329453|
|2.190819|
|18.820727|
|-0.279066|
|-0.654131|
|-0.211821|
|2.281894|
|1.106025|
|4.530771|
|4.559265|
|0.953760|
|-7.125260|
|0.645611|
|1.536143|
|1.336874|
|-3.991949|
|-0.809571|
|0.355620|
|2.784882|
|4.631763|
|0.550121|
|-0.240492|
|0.607557|
|-0.266529|
|-0.252326|
|5.770001|
|0.912271|
|2.755798|
|2.600693|
|11.275401|
|-0.632538|
|77.955092|
|-0.546972|
|0.314598|
|0.913834|
|0.403720|
|0.101220|
|1.529483|
|-0.069959|
|0.980922|
|3.035213|
|-0.592738|
|-1.522202|
|0.656624|
|-0.095652|
|0.443664|
|0.789989|
|1.753007|
|-0.369801|
|-1.557091|
|4.519915|
|1.184253|
|136.426749|
|-0.486461|
|4.822118|
|1.483325|
|-0.292369|
|5.738344|
|0.741030|
|7.860471|
|0.456252|
|0.600762|
|-9.033004|
|0.851085|
|1.876241|
|0.561640|
|9.660928|
|-0.748140|
|1.080832|
|1.659057|
|1.692888|
|2.159694|
|-0.027698|
|-1.725540|
|0.034990|
|1.409490|
|-1.825169|
|2.412545|
|0.643454|
|-0.067727|
|2.551838|
|0.984524|
|18.857338|
|0.421214|
|1.626314|
|2.594209|
|0.944319|
|0.901304|
|1.496781|
|1.103271|
|0.908217|
|4.951428|
|-0.292419|
|11.206752|
|0.183270|
|2.005656|
|-0.544674|
|16.071004|
|1.085110|
|0.797620|
|0.601250|
|1.255332|
|0.293938|
|0.394791|
|-0.202639|
|0.800220|
|0.475547|
|0.577152|
|1.126317|
|-0.611289|
|1.925180|
|6.582907|
|1.854820|
|1.662657|
|0.131747|
|0.637735|
|3.392879|
|4.288964|
|-1.225535|
|6.725809|
|0.952399|
|-0.152642|
|-0.423380|
|1.314172|
|0.590699|
|-1.235787|
|3.548009|
|1.572404|
|-0.607776|
|-0.913007|
|0.590276|
|-0.440986|
|0.124220|
|4.838950|
|-1.464530|
|0.512848|
|-0.071707|
|1.119550|
|1.831430|
|0.717430|
|4.429792|
|0.841328|
|0.643251|
|-0.647078|
|2.702920|
|1.700704|
|-0.327530|
|1.562641|
|8.401167|
|38.159198|
|1.216311|
|1.584265|
|6.041465|
|0.125138|
|0.592070|
|0.265735|
|4.409419|
|1.814812|
|-0.830007|
|3.439346|
|2.290039|
|0.833453|
|2.227951|
|-0.279384|
|-1.056597|
|1.768473|
|0.156978|
|7.468442|
|-0.463543|
|0.981287|
|-0.229985|
|-0.122570|
|-1.225880|
|0.502696|
|247.977990|
|9.871660|
|-1.098445|
|-0.789133|
|-3.988199|
|0.433778|
|1.130852|
|-0.215931|
|0.870238|
|-0.831940|
|-1.766273|
|-0.237456|
|1.083546|
|-0.108417|
|-0.464658|
|-9.133798|
|2.103042|
|-0.443125|
|0.119847|
|8.694504|
|0.461699|
|0.638015|
|-7.696766|
|0.235998|
|0.696054|
|1.950858|
|-0.367411|
|0.469985|
|-0.557708|
|-0.679220|
|4.296296|
|0.920480|
|2.995958|
|1.655115|
|0.682914|
|-0.320258|
|0.806148|
|-0.838532|
|1.829180|
|-0.497678|
|-1.212344|
|-1.379764|
|3.766499|
|2.332660|
|0.895432|
|0.423380|
|-0.090047|
|2.121677|
|-3.008712|
|1.485636|
|46.490755|
|-2.047459|
|0.613207|
|1.716549|
|1.445045|
|-1.035149|
|-0.932430|
|-1.672776|
|3.095341|
|1.855944|
|0.117684|
|-1.178573|
|2.459241|
|1.406886|
|-0.293223|
|1.306651|
|-0.072219|
|56.617168|
|1.353049|
|-0.380022|
|1.230514|
|0.996822|
|-0.498894|
|-0.775173|
|1.629085|
|-0.434245|
|-0.369530|
|1.857143|
|-3.076168|
|0.133773|
|2.196750|
|0.093122|
|1.203638|
|-0.276401|
|-0.383949|
|0.925931|
|-5.357689|
|3.343805|
|-0.401441|
|-19.554297|
|1.434637|
|0.571150|
|1.056682|
|0.037502|
|-0.098885|
|-0.682531|
|-1.135590|
|0.071970|
|-5.834188|
|-0.211131|
|0.859355|
|-148.372539|
|-0.200012|
|0.939758|
|0.046875|
|0.907860|
|1.505429|
|8.728973|
|-0.544932|
|-1.038510|
|-0.205762|
|2.096429|
|2.024084|
|0.369760|
|0.815910|
|1.463009|
|-1.836033|
|-2.276163|
|8.463412|
|0.639695|
|4.101036|
|1.955553|
|-0.728527|
|-0.251742|
|4.389649|
|-0.062722|
|3.257314|
|0.674058|
|-0.295443|
|2.720963|
|1.084415|
|2.779887|
|0.037627|
|-1.356080|
|1.344071|
|1.837355|
|0.619404|
|-0.225061|
|0.657307|
|0.919401|
|0.572739|
|2.929948|
|-0.753385|
|1.895766|
|0.254548|
|-1.815569|
|7.198735|
|-0.443528|
|0.796720|
|-0.710706|
|0.156489|
|-1.501408|
|0.814761|
|-0.580525|
|82.581949|
|0.835720|
|1.160100|
|0.702131|
|1.287188|
|25.466710|
|154.302691|
|-0.546252|
|0.529201|
|0.642126|
|0.573100|
|0.936199|
|0.286372|
|0.573443|
|0.500129|
|1.991146|
|-0.019264|
|8.452753|
|3.264913|
|2.577920|
|2.751093|
|0.803647|
|2.881198|
|-0.706709|
|6.963462|
|2.661129|
|-0.048480|
|-0.056049|
|1.067369|
|12.479426|
|211.879618|
|0.584065|
|0.429938|
|0.847920|
|4.285055|
|-0.184953|
|0.849489|
|1.369470|
|0.621074|
|12.243024|
|-0.430548|
|-0.277082|
|-1.120831|
|-19.959109|
|-6.766441|
|-0.779424|
|-2.215146|
|0.732688|
|-3.962466|
|0.651843|
|-0.809463|
|-0.215972|
|3.642507|
|-0.279752|
|76.141617|
|-0.079740|
|-0.877320|
|-0.858989|
|1.228600|
|0.981571|
|3.061577|
|-0.240272|
|0.810612|
|1.307368|
|0.298125|
|1.466310|
|2.722544|
|-0.621644|
|-1.028581|
|-1.964715|
|-0.516815|
|0.036681|
|-0.659465|
|1.404049|
|0.872720|
|1.540414|
|-0.447378|
|20.882865|
|0.378052|
|-1.479197|
|84.778770|
|0.397819|
|3.655727|
|-0.813920|
|-0.883466|
|-0.400144|
|1.227567|
|0.262644|
|2.836283|
|8.083897|
|0.820771|
|-1.251695|
|2.732967|
|0.936561|
|23.271791|
|-0.223335|
|-2.206040|
|-0.784082|
|2.256166|
|-0.408963|
|0.100807|
|0.866404|
|-1.010498|
|-0.168744|
|4.849801|
|0.595837|
|0.614429|
|1.818893|
|-0.705309|
|1.693749|
|1.132498|
|-2.742810|
|-0.775472|
|-1.179299|
|2.894476|
|1.105837|
|0.048690|
|-1.141468|
|0.126630|
|-0.731780|
|-0.847486|
|-1.166059|
|18.438457|
|1.868316|
|0.819660|
|-0.762588|
|-2.834692|
|-3.574658|
|-3.371631|
|0.959458|
|0.594887|
|20.792333|
|0.994143|
|1.134920|
|0.104886|
|-0.582518|
|0.523148|
|0.216639|
|0.031683|
|-0.236569|
|-0.278934|
|0.010993|
|-25.849756|
|0.088375|
|-607.841520|
|0.493464|
|-0.260646|
|1.173245|
|0.635288|
|0.238307|
|-0.956175|
|1.298295|
|0.343279|
|0.422207|
|2.700379|
|-3.991949|
|2.838625|
|-2.005724|
|1.194940|
|-0.983443|
|0.552678|
|0.025478|
|0.282866|
|1.119160|
|-1.591727|
|1.239666|
|0.682981|
|-1.206279|
|-0.950870|
|-0.900965|
|-1.497400|
|-0.105180|
|2.362818|
|-0.653041|
|-1.216827|
|-11.608360|
|1.150674|
|0.394290|
|-2.129892|
|-0.904419|
|-1.962783|
|-0.053631|
|0.635515|
|5.046719|
|5.616122|
|-0.289085|
|18.235296|
|-6.703257|
|-1.021669|
|0.953729|
|23.902812|
|2.143681|
|4.455386|
|-2.503196|
|0.778521|
|2.538045|
|-0.676934|
|0.065211|
|-1.430982|
|-1.487433|
|-0.841484|
|-3.007220|
|-0.616962|
|2.246856|
|4.497210|
|-2.462475|
|-2.057878|
|0.207705|
|1.458986|
|6.582168|
|1.077879|
|0.191688|
|2.635815|
|-0.827723|
|0.278968|
|1.427972|
|4.411373|
|6.795077|
|2.283371|
|0.362520|
|1.436870|
|0.352758|
|1.939823|
|1.702866|
|0.958920|
|-0.453369|
|-26.016140|
|-0.460700|
|-3.611279|
|-0.166722|
|2.281213|
|-2.083808|
|0.396775|
|2.221567|
|1.093039|
|0.723694|
|-0.353560|
|-0.108771|
|-0.244099|
|-0.067665|
|0.263223|
|-5.649733|
|1.617494|
|0.512115|
|3.377371|
|5.878197|
|2.579035|
|63.751523|
|-0.011080|
|6.147498|
|1.274533|
|0.767096|
|0.145564|
|2.761523|
|0.165051|
|1.438429|
|-1.152922|
|-0.118785|
|-1.078638|
|-0.771231|
|12.827371|
|1.035084|
|-2.308203|
|3.768620|
|17.477203|
|1.210516|
|3.137286|
|0.705540|
|-1.262227|
|-2.808990|
|1.499051|
|0.348127|
|0.741628|
|-20.691859|
|0.551105|
|-5.142520|
|-2.661987|
|0.034318|
|-0.347947|
|-0.346690|
|0.899570|
|-0.263125|
|-9.054068|
|1.091498|
|-0.643002|
|0.129695|
|0.400840|
|0.616299|
|-0.287130|
|23.776465|
|0.847447|
|-0.111607|
|10.470422|
|2.300210|
|1.233707|
|1.163219|
|34.172070|
|-0.346167|
|1.185102|
|-1.854797|
|-0.187275|
|1.024027|
|10.569751|
|0.568121|
|0.534179|
|-4.489906|
|0.362557|
|-0.616662|
|-1.028359|
|0.464102|
|1.556614|
|3.227926|
|0.271056|
|0.028175|
|-17.525118|
|-1.769119|
|1.388915|
|-2.421688|
|-21.376802|
|0.127360|
|1.036696|
|1.151388|
|0.215951|
|1.293224|
|-0.175858|
|0.105379|
|-5.119777|
|49.086638|
|1.227110|
|-0.176211|
|1.167351|
|-0.156457|
|2.240950|
|5.734808|
|0.471426|
|-9.681815|
|-0.079030|
|0.135519|
|0.556473|
|-0.411196|
|36.902136|
|1.385226|
|-0.751632|
|-0.658718|
|0.878549|
|2.889656|
|-0.823744|
|1.733905|
|-1.256344|
|-5.536604|
|2.405253|
|-1.124057|
|-7.932718|
|2.474569|
|10.467406|
|-0.018369|
|-0.990788|
|-0.075885|
|1.221611|
|1.444548|
|1.312184|
|2.303376|
|3.010424|
|0.486872|
|-1.956401|
|-10.012187|
|0.363040|
|-1.123229|
|1.177323|
|1.242030|
|-0.267861|
|30.427066|
|-1.084058|
|0.789710|
|1.016962|
|-0.253674|
|-2.021327|
|0.728743|
|-2.600370|
|-0.857527|
|-0.795610|
|-0.511890|
|-0.448718|
|-1.167236|
|0.060155|
|-0.458654|
|0.377817|
|2.338145|
|-2.685928|
|2.165138|
|0.301880|
|3.587208|
|0.532993|
|1.458824|
|-0.879472|
|-0.452517|
|0.113545|
|1.401937|
|1.609174|
|1.081720|
|5.231082|
|-0.458969|
|-0.836887|
|1.169623|
|0.495051|
|-0.158741|
|0.284805|
|2.058712|
|0.842651|
|0.397165|
|0.591811|
|3.157668|
|0.309564|
|-0.454670|
|15.632007|
|-0.922272|
|-1.828201|
|-1.780999|
|-0.674029|
|-0.004510|
|1.909097|
|-1.285823|
|1.426261|
|-1.579412|
|0.807213|
|0.205310|
|-10.356152|
|-0.256010|
|-0.009890|
|0.279485|
|-2.331648|
|-1.012695|
|2.479343|
|-1.728003|
|-0.663619|
|-1.848703|
|0.459554|
|-0.150600|
|-0.872294|
|-35.522081|
|1.608210|
|0.608487|
|-0.709919|
|0.209643|
|-0.666150|
|-0.204558|
|-1.431067|
|-1.022294|
|-18.765313|
|-0.902268|
|-0.828518|
|1.147886|
|0.782742|
|-1.814526|
|-0.333830|
|-1.275613|
|-0.476326|
|-0.740068|
|0.919071|
|-31.791155|
|-0.028599|
|-0.672297|
|-1.813554|
|7.452659|
|1.024054|
|0.187722|
|-0.821469|
|-6.458151|
|1.236680|
|-0.449935|
|-0.108155|
|0.587585|
|1.325694|
|0.277630|
|0.894596|
|-2.446000|
|0.471126|
|0.395188|
|0.752860|
|-0.565367|
|60.441966|
|-10.497479|
|-1.437380|
|5.705996|
|-1.451831|
|2.156080|
|-0.079003|
|0.924460|
|-0.378761|
|-3.963971|
|0.038371|
|0.890848|
|0.672688|
|5.493400|
|1.814372|
|-3.112214|
|-1.027408|
|0.733591|
|0.524977|
|-5.810046|
|1.704836|
|-0.853347|
|1.184263|
|-1.367178|
|-0.616928|
|0.286666|
|0.615124|
|0.036015|
|0.716621|
|-0.066820|
|-0.494806|
|1.048863|
|-0.156167|
|-1.333174|
|4.000149|
|0.066006|
|-2.910584|
|11.073862|
|1.265063|
|0.380594|
|-0.251129|
|-1.905752|
|1.953375|
|2.349178|
|0.936692|
|12.010182|
|-0.382474|
|44.204219|
|-1.349912|
|0.280719|
|1.817262|
|-0.799193|
|0.303691|
|0.922016|
|4.093862|
|2.520243|
|0.526999|
|-0.653646|
|0.023837|
|-22.521918|
|0.935327|
|-1.113143|
|-0.085816|
|12.128847|
|0.167910|
|5.150376|
|-0.692071|
|0.816636|
|1.007026|
|2.836320|
|16.057255|
|-1.162405|
|-41.690595|
|-1.057979|
|0.845536|
|-1.064471|
|-4.476899|
|-2.212581|
|-0.807931|
|-0.886337|
|1.683260|
|1.069382|
|-3.899657|
|-2.438482|
|7.166460|
|0.312979|
|-1.105861|
|122.540195|
|12.985365|
|1.660683|
|1.320700|
|0.902046|
|0.171197|
|3.265355|
|2.128246|
|-4.306924|
|1.781041|
|0.817697|
|-5.732782|
|0.179827|
|0.847076|
|18.319467|
|-0.147974|
|-2.865537|
|-0.986493|
|8.713756|
|4.088758|
|-0.351064|
|-1.229564|
|0.462920|
|-6.811131|
|-2.066928|
|0.820282|
|-19.024824|
|-0.705849|
|-0.502188|
|-2.869961|
|-2.107227|
|12.897993|
|-1.777027|
|-1.213072|
|-1.154057|
|0.181114|
|1.017495|
|0.792286|
|-0.284530|
|-4.130206|
|3.181055|
|-0.872050|
|-1.201586|
|-0.231512|
|1.440882|
|5.536187|
|-1.011831|
|1.713085|
|0.791623|
|-3.168805|
|3.347943|
|0.495192|
|-0.406993|
|1.148591|
|0.242100|
|-0.559720|
|0.878265|
|1.670717|
|-0.095616|
|0.010803|
|-0.289061|
|-0.893726|
|0.093382|
|-1.190634|
|1.865760|
|-0.344176|
|-1.600984|
|1.801312|
|0.966270|
|-16.080733|
|-8.209458|
|-1.453719|
|-0.820171|
|-0.115827|
|0.411804|
|1.724611|
|1.689164|
|-4.294651|
|-4.718478|
|-3.406888|
|-0.861113|
|-0.973994|
|0.874967|
|51.796886|
|-0.667269|
|5.844824|
|0.927120|
|-0.252519|
|0.543383|
|0.133553|
|-0.271607|
|-8.213968|
|-12.735054|
|0.634558|
|0.409876|
|-0.141219|
|2.017529|
|1.411259|
|-1.275686|
|1.379113|
|1.658421|
|-0.136153|
|3.034573|
|-2.341200|
|0.897829|
|-2.503680|
|-3.196905|
|1.089200|
|0.936037|
|1.061080|
|-10.136344|
|-0.712533|
|1.507385|
|-0.797520|
|-1.295197|
|-0.877707|
|0.003053|
|-0.170595|
|3.651212|
|0.699440|
|-1.914604|
|0.622034|
|-0.490343|
|-1.172204|
|0.573038|
|-1.158476|
|0.224581|
|-0.297874|
|-1.046832|
|-0.437440|
|0.062764|
|-2.347445|
|0.445608|
|3.700943|
|2.539128|
|-0.724284|
|-0.111972|
|0.386708|
|0.189589|
|-0.686005|
|0.281503|
|1.848251|
|-0.284740|
|-0.826080|
|-1.481008|
|1.260869|
|-0.231444|
|-0.386628|
|-0.241547|
|0.189028|
|-31.263558|
|0.116394|
|1.524100|
|-1.231130|
|-0.675751|
|0.282860|
|0.576751|
|-1.116888|
|-1.283860|
|-0.339765|
|0.037340|
|2.270411|
|0.893065|
|-0.737283|
|-0.352951|
|1.900067|
|-1.189909|
|-1.470637|
|-0.217864|
|0.284756|
|2.030426|
|-0.123918|
|-1.305210|
|-0.860494|
|1.260816|
|1.032721|
|1.213219|
|0.740333|
|-0.670113|
|-0.789991|
|0.575703|
|1.100587|
|-0.399843|
|-0.180651|
|2.912809|
|-1.155758|
|-0.875509|
|0.444819|
|24.127962|
|3.478556|
|-0.409332|
|34.380003|
|-2.040165|
|2.455953|
|-1.312035|
|-0.137078|
|0.724420|
|0.751500|
|1.859547|
|-2.251703|
|0.173548|
|0.842841|
|0.376679|
|-0.110562|
|0.870830|
|0.459782|
|-1.012036|
|5.484270|
|0.618970|
|6.602888|
|1.027161|
|-1.269320|
|-2.222236|
|-1.370542|
|-0.486877|
|-0.189351|
|-0.846407|
|-1.366777|
|-1.356459|
|-0.916872|
|-0.545392|
|0.014377|
|3.397634|
|1.052972|
|-1.580929|
|-0.797933|
|-2.803358|
|0.858773|
|-1.654190|
|-1.820339|
|-1.148476|
|-0.677597|
|-1.445447|
|-0.571244|
|-11.338243|
|-0.268932|
|0.505337|
|1.405234|
|-10.034316|
|-0.958267|
|2.039821|
|0.269017|
|-1.222048|
|-8.802984|
|1.952236|
|1.159728|
|1.533573|
|0.165136|
|-1.446966|
|0.759443|
|0.793332|
|-1.814004|
|1.549496|
|-1.605706|
|13.964551|
|-84.032593|
|-1.725747|
|0.002392|
|0.612786|
|1.124155|
|1.022430|
|0.905655|
|-0.073216|
|0.423769|
|2.013897|
|0.478811|
|19.663282|
|1.392868|
|4.126229|
|0.700158|
|-1.077229|
|-4.260017|
|1.671179|
|-0.896947|
|1.557712|
|2.236614|
|-0.646904|
|1.017485|
|0.154392|
|1.219200|
|-0.314799|
|-9.757020|
|0.816425|
|-3.102969|
|-0.625214|
|-4.345186|
|-0.733985|
|2.792550|
|-0.826870|
|1.324456|
|-1.406138|
|2.893428|
|-4.784533|
|1.117696|
|1.708533|
|1.689274|
|-9.470345|
|0.989171|
|10.798659|
|-2.023691|
|0.494177|
|0.037096|
|-0.638360|
|-0.593557|
|-2.394883|
|-13.422024|
|0.314994|
|-0.470009|
|0.193433|
|-0.535515|
|0.541945|
|-1.732407|
|-0.194810|
|-0.908200|
|0.934201|
|-0.472994|
|-4.026558|
|2.765297|
|-1.132004|
|-2.230969|
|0.602809|
|0.730012|
|-1.427793|
|0.952975|
|-72.816425|
|0.058978|
|0.751634|
|-38.612200|
|-1.728019|
|2.937332|
|0.691850|
|0.777887|
|-10.005824|
|-0.878074|
|-10.800253|
|-0.730328|
|1.203017|
|-0.787854|
|1.447986|
|-1.344217|
|-1.844603|
|-0.896883|
|-0.568418|
|0.242960|
|-0.529296|
|-0.364854|
|35.844902|
|-0.335917|
|-0.382496|
|-1.242022|
|-0.470150|
|2.352560|
|0.927922|
|-2.203342|
|0.578117|
|-6.327802|
|1.579620|
|-0.371365|
|-0.840589|
|0.424918|
|-0.778935|
|-1.033483|
|-1.676072|
|0.149420|
|-3.645191|
|0.271187|
|0.206417|
|-1.084700|
|5.211782|
|-2.580294|
|0.359684|
|4.379244|
|-1.033868|
|-0.049041|
|0.622787|
|0.508607|
|-0.943811|
|1.694783|
|-1.635041|
|-1.069941|
|0.066039|
|-3.559560|
|1.871082|
|1.152070|
|-3.515535|
|-3.629279|
|6.338582|
|4.607070|
|-1.666585|
|-0.585728|
|0.302010|
|-0.832763|
|0.664656|
|3.360438|
|-3.577858|
|0.624208|
|-1.800905|
|-3.241810|
|-0.614837|
|-0.780901|
|-0.170603|
|-0.276372|
|-2.409428|
|-0.178440|
|0.887541|
|-1.286338|
|0.641828|
|0.641509|
|-0.705866|
|0.775915|
|-1.804835|
|0.736242|
|0.929873|
|-2.011343|
|-0.552460|
|89.791505|
|2.071506|
|-0.772883|
|-1.121253|
|-1.170068|
|-0.151011|
|0.783473|
|3.063158|
|11.251193|
|4.889232|
|0.504882|
|0.935437|
|0.086256|
|0.558850|
|-1.176097|
|3.030573|
|0.432616|
|0.687951|
|0.972154|
|-0.040435|
|-0.551893|
|0.682269|
|-0.293488|
|-1.916895|
|0.585515|
|9.768234|
|-0.366769|
|2.430894|
|-0.146222|
|0.189163|
|-0.169625|
|-5.011962|
|-1.133279|
|4.295491|
|0.292432|
|2.475035|
|0.033917|
|-1.650082|
|-0.105321|
|6.178696|
|-0.855450|
|-4.441553|
|-0.721558|
|-2.505540|
|-0.189555|
|-2.511129|
|-0.392322|
|1.263544|
|0.916472|
|3.257502|
|-0.548992|
|84.755239|
|-0.323032|
|0.047976|
|-0.056211|
|1.211197|
|-1.115778|
|0.452089|
|-1.387614|
|0.490589|
|-2.058290|
|0.261943|
|0.569627|
|0.640533|
|0.342625|
|-0.036345|
|0.032205|
|-5.408473|
|-21.363570|
|0.454103|
|-9.653143|
|0.498812|
|14.790604|
|-2.348855|
|3.258691|
|-2.260822|
|-2.176467|
|-0.430783|
|-0.208172|
|0.449863|
|-1.357170|
|1.360867|
|-0.350295|
|-0.980572|
|0.187737|
|-0.196844|
|7.075561|
|-3.471559|
|-0.516243|
|-3.387937|
|0.195410|
|17.531539|
|-1.013207|
|-0.171588|
|1.125397|
|-1.345806|
|-0.911865|
|1.035968|
|-0.714271|
|-1.426480|
|0.116988|
|-0.191818|
|0.860356|
|1.750976|
|-0.801190|
|1.268995|
|5.108580|
|-0.178667|
|2.228528|
|-0.066855|
|1.382414|
|-8.224799|
|-3.544576|
|-0.219577|
|-2.760182|
|0.864349|
|3.626819|
|-0.224159|
|-6.903839|
|1.779784|
|-1.740452|
|-6.758157|
|0.666801|
|0.962648|
|16.374741|
|-3.624945|
|-4.328655|
|0.780983|
|-2.621763|
|-1.560869|
|0.783288|
|-1.257035|
|5.650982|
|0.213392|
|-1.578378|
|1.800328|
|0.823764|
|-0.135547|
|-1.244235|
|0.597226|
|-0.540562|
|-5.644461|
|-4.600685|
|-0.504003|
|-0.644870|
|-2.935667|
|1.278567|
|1.826065|
|-1.355240|
|0.410562|
|6.071554|
|5.118015|
|-2.368546|
|-1.363611|
|-20.147543|
|-0.036196|
|0.203207|
|-1.002816|
|-0.252933|
|7.479981|
|-5.092709|
|2.373456|
|1.329969|
|-1.065145|
|-1.690419|
|6.769363|
|0.259383|
|-2.469294|
|-1.077544|
|-1.373995|
|-1.136374|
|-0.785946|
|0.920366|
|-0.615796|
|-0.138278|
|-1.312580|
|0.578327|
|0.424850|
|0.496297|
|-0.950359|
|-1.653884|
|-0.814194|
|1.778729|
|-2.735788|
|-0.817063|
|-0.859275|
|8.606127|
|1.756882|
|1.049643|
|-1.242732|
|0.843834|
|1.050844|
|0.055127|
|-0.709574|
|-1.482967|
|0.846701|
|0.223230|
|0.876628|
|-0.989533|
|0.934670|
|1.123258|
|-5.749194|
|-0.900227|
|0.939157|
|-4.843778|
|-0.732664|
|0.624390|
|0.347056|
|1.507849|
|0.175559|
|-11.804835|
|-3.035106|
|-0.815005|
|-1.109259|
|-0.676793|
|0.698049|
|1.532369|
|-1.800482|
|-2.723977|
|-0.676080|
|-3.227116|
|-1.229250|
|-0.639029|
|198.077344|
|-1.041029|
|1.165857|
|3.112109|
|1.256762|
|-0.530896|
|3.986329|
|1.026079|
|0.650007|
|0.536212|
|0.054081|
|-5.176708|
|0.693543|
|-2.621494|
|0.330433|
|-0.820321|
|0.142885|
|0.032723|
|0.991756|
|-14.132730|
|2126.351917|
|0.819094|
|-2.473654|
|-0.010296|
|-1.023092|
|0.995977|
|-0.676099|
|-1.336571|
|46.202840|
|-1.544711|
|-6.712101|
|-2.334224|
|0.370754|
|65.705444|
|-5.662028|
|0.137958|
|-1.507278|
|0.502005|
|0.269709|
|0.017548|
|-2.347560|
|-0.184126|
|-1.369338|
|-1.035462|
|-5.444022|
|1.167831|
|-1.406631|
|-2.509887|
|-0.278523|
|0.940057|
|-10.118229|
|-1.416082|
|-0.184380|
|0.201590|
|-1.265433|
|-0.380652|
|0.629877|
|2.821463|
|-0.690809|
|-1.923271|
|-0.772978|
|0.498867|
|-2.145057|
|-1.798576|
|-13.915606|
|2.001656|
|-9.449841|
|-0.295109|
|-2.275956|
|-0.126355|
|-0.191640|
|-0.150236|
|6.022979|
|-3.781934|
|0.600957|
|-0.403339|
|-0.289832|
|-1.077483|
|0.040372|
|-20.062655|
|-0.163386|
|0.202854|
|-1.765172|
|-1.413068|
|1.033727|
|-1.724295|
|-6.000336|
|-0.119447|
|-0.594550|
|1.161630|
|1.231893|
|-0.595602|
|-0.433096|
|3.040634|
|2.679273|
|-1.202615|
|-0.106845|
|-1.746681|
|0.693790|
|74.479911|
|-0.877795|
|-0.438448|
|-10.888757|
|-0.478534|
|-0.904644|
|0.159264|
|0.482274|
|-0.940950|
|-0.302692|
|-3.160727|
|-0.448980|
|0.236268|
|2.666310|
|-0.927538|
|-0.212199|
|-0.129575|
|-1.239740|
|-1.007370|
|-1.057871|
|-9.706862|
|0.070030|
|-4.127540|
|-4.358270|
|4.553972|
|0.879118|
|-1.149694|
|0.221785|
|0.126566|
|1.392371|
|-0.028122|
|-1.357198|
|1.944315|
|-0.793954|
|-3.091883|
|-0.498430|
|-2.380251|
|-0.185630|
|0.236582|
|-0.246071|
|-1.557632|
|-3.415832|
|-5.409604|
|-1.335269|
|-0.669527|
|3.298784|
|0.694889|
|-0.688924|
|-2.847594|
|0.140491|
|1.293168|
|0.222299|
|-0.496870|
|-5.436868|
|-0.288221|
|0.292931|
|0.542088|
|-0.870059|
|0.702919|
|-1.056696|
|-0.539785|
|-0.523020|
|-0.621349|
|-5.381128|
|0.605264|
|-0.077404|
|-0.530505|
|-3.029796|
|2.199790|
|-11.931852|
|1.106629|
|0.491825|
|0.556613|
|3.351990|
|-3.265344|
|-0.768970|
|-0.031316|
|-1.060654|
|-3.365119|
|0.270007|
|5.128125|
|-1.009556|
|-0.325511|
|-1.127085|
|-0.223699|
|1.414953|
|-0.988779|
|0.178197|
|-0.293156|
|-1.872450|
|2.695071|
|-1.227124|
|0.471136|
|1.030492|
|-1.220905|
|-4.240725|
|-2.486768|
|3.482079|
|-0.437745|
|-2.919337|
|-2.215170|
|-2.219075|
|-1.991704|
|-0.928227|
|-1.387204|
|1.264935|
|1.237879|
|0.503149|
|5.629908|
|1.389132|
|-0.294464|
|-5.319508|
|0.433483|
|0.934108|
|0.432028|
|2.045686|
|0.351477|
|4.720293|
|-1.703580|
|-1.220906|
|-0.181905|
|-1.066857|
|-0.460418|
|-1.429955|
|-5.386384|
|-0.804245|
|0.671810|
|8.071116|
|0.170728|
|-0.766143|
|0.218464|
|-1.158170|
|0.056212|
|-0.657340|
|-8.401381|
|-0.175621|
|0.243919|
|1.513962|
|224.107562|
|2.653230|
|-0.223340|
|11.265457|
|-0.656426|
|0.966011|
|-43.144397|
|-3.006368|
|-4.914242|
|1.725357|
|-0.721865|
|-1.569878|
|-1.497821|
|-2.660981|
|-2.509982|
|-1.485666|
|0.777476|
|-0.899116|
|4.423528|
|-1.110851|
|-6.826904|
|0.534215|
|-1.573914|
|-0.966838|
|-6.063634|
|-0.212398|
|0.174519|
|-1.677246|
|-5.998830|
|0.505930|
|0.668943|
|13.288587|
|-2.899570|
|-1.697370|
|0.444991|
|0.336947|
|-0.314567|
|-0.406425|
|-1.399285|
|0.634569|
|-1.113225|
|-1.719471|
|-6.011849|
|-1.639974|
|1.507602|
|-0.574291|
|0.849916|
|-0.586847|
|-7.039160|
|-19.786279|
|-0.273167|
|-5.871820|
|-0.138908|
|0.937766|
|0.024284|
|5.408359|
|7.787555|
|-1.222632|
|-0.690373|
|-0.906844|
|0.756967|
|-0.390212|
|-0.676986|
|-0.137403|
|-1.446479|
|0.610291|
|0.799718|
|-2.253552|
|-0.039038|
|-1.563645|
|-0.871565|
|-0.077722|
|-0.053844|
|-1.095152|
|-1.515356|
|-1.298361|
|-229.027984|
|-1.729040|
|0.564027|
|1.328556|
|-0.875420|
|-2.624341|
|-0.337335|
|-1.631188|
|0.108950|
|-1.460394|
|0.288412|
|0.395619|
|-2.774949|
|1.887566|
|-0.156954|
|21.148433|
|-0.391051|
|-0.390147|
|-4.515272|
|1.135806|
|-0.327078|
|-0.870964|
|-0.064558|
|-3.567501|
|45.080339|
|-3.946192|
|-2.613238|
|0.004586|
|1.954063|
|-0.851002|
|0.320762|
|-8.369025|
|4.140858|
|2.494414|
|-0.163409|
|0.134158|
|-0.223906|
|0.250702|
|-1.359945|
|-1.465144|
|0.355032|
|-0.032896|
|0.861349|
|-4.039603|
|11.596196|
|-1.289911|
|1.720279|
|-0.564356|
|0.614266|
|-0.762790|
|3.764275|
|-1.005217|
|-0.946193|
|-0.376688|
|-0.360010|
|266.297142|
|-5.586163|
|0.632925|
|-1.904375|
|0.154349|
|0.674925|
|-3.871925|
|-1.162603|
|0.166498|
|2.130162|
|-0.497781|
|-1.842888|
|-1.723036|
|-15.301173|
|0.050279|
|-2.502973|
|-4.036832|
|-1.496878|
|-1.020938|
|-0.621310|
|0.607325|
|-0.852470|
|-1.390210|
|-0.050477|
|-4.837068|
|0.454339|
|-1.069541|
|-5.984410|
|-3.555200|
|-1.578750|
|0.268558|
|-0.304998|
|1.443739|
|0.952739|
|0.376858|
|-0.214091|
|-0.513957|
|-1.139617|
|0.074820|
|0.851217|
|-1.682657|
|-2.657914|
|0.379703|
|-1.456399|
|2.185340|
|-1.402326|
|-0.765085|
|-3.524940|
|0.242189|
|-0.051930|
|-13.244412|
|1.591680|
|-0.616621|
|1.847051|
|-1.523308|
|0.710020|
|-2.726278|
