Time:11.593745
----------Resultado-----------
|2.212372|
|-5.062083|
|3.373098|
|-0.138601|
|1.702989|
|-13.307990|
|0.348762|
|-0.272120|
|0.090727|
|2.964257|
|3.263525|
|9.097876|
|-42.921009|
|2.327810|
|-0.775786|
|-1.476328|
|-0.995665|
|14.779553|
|-0.841766|
|1.857473|
|1.389593|
|3.797574|
|-7.751038|
|0.991009|
|1.014761|
|2.602217|
|-0.220786|
|2.561933|
|-3.272155|
|-0.434481|
|-3.117347|
|1.518821|
|0.964992|
|-0.251689|
|-5.807375|
|2.529591|
|9.263064|
|1.010125|
|9.208158|
|-1.275939|
|-1.059676|
|-0.785217|
|0.291046|
|1.515914|
|8.624935|
|-1.294401|
|2.132199|
|-3.755682|
|3.369068|
|1.625921|
|0.540556|
|4.010546|
|3.384003|
|2.081682|
|13.126790|
|-1.189566|
|-5.687200|
|0.563102|
|2.620876|
|2.500988|
|0.847945|
|2.337831|
|-7.173791|
|-3.230126|
|1.903318|
|2.363326|
|0.630699|
|3.581614|
|-2.802791|
|0.807262|
|3.385459|
|0.616728|
|1.115024|
|-4.214010|
|1.194631|
|-0.567601|
|-2.228598|
|-1.370861|
|0.730729|
|-1.424077|
|1.362898|
|2.158279|
|0.919297|
|-1.685548|
|1.220413|
|0.361536|
|0.300030|
|-4.295174|
|50.248905|
|-4.062056|
|-0.163882|
|0.400980|
|194.035489|
|-1.318917|
|-1.470097|
|1.772975|
|-1.349653|
|0.945127|
|15.756502|
|2.733404|
|-0.277598|
|-1.392318|
|1.416418|
|1.034729|
|5.909157|
|0.465600|
|2.434927|
|2.440977|
|0.596315|
|0.916580|
|-0.248956|
|2.285069|
|0.633410|
|1.182363|
|0.245236|
|1.335973|
|-0.579735|
|2.972540|
|2.347947|
|-0.613246|
|0.528766|
|4.445390|
|0.558484|
|3.749568|
|0.170036|
|0.983251|
|6.908309|
|-0.185813|
|-0.917487|
|-1.500864|
|-0.558783|
|-9.513034|
|2.454242|
|-7.371068|
|-3.258499|
|-1.662208|
|2486.353639|
|2.481488|
|3.045273|
|1.456484|
|1.056559|
|-1.298079|
|-0.709179|
|7.292332|
|-2.405070|
|-0.845998|
|-1.469926|
|1.028342|
|2.329239|
|1.174869|
|0.030461|
|-0.095842|
|1.113950|
|-0.059648|
|1.012454|
|-118.112669|
|1.464296|
|1.119487|
|1.817972|
|1.454362|
|-7.150439|
|-0.469379|
|1.400836|
|-0.780030|
|-2.326676|
|-0.722082|
|1.868953|
|14.775802|
|0.646879|
|-7.526225|
|0.771046|
|-1.520577|
|14.223993|
|-3.788297|
|6.275407|
|1.731717|
|-1.760869|
|-0.963173|
|5.361680|
|3.272445|
|-1.411164|
|0.816781|
|0.734914|
|-15.963685|
|-1.520659|
|11.097925|
|-0.167411|
|-1.109161|
|1.669937|
|0.265669|
|-0.658146|
|1.935377|
|5.821253|
|0.910022|
|0.301995|
|-3.042918|
|13.161712|
|10.726359|
|-0.533022|
|-2.887708|
|0.415693|
|-2.275544|
|-1.575986|
|-3.426960|
|0.370866|
|-2.541130|
|-0.003028|
|2.706340|
|-2.136803|
|0.892300|
|-0.118431|
|-1.439189|
|1.115767|
|-3.158142|
|4.412678|
|-1.147808|
|-28.765961|
|0.751330|
|-4.150594|
|-0.426960|
|0.636818|
|0.010832|
|-0.891919|
|-17.383299|
|0.596980|
|-3.233040|
|3.280938|
|6.165127|
|-2.120013|
|8.146323|
|-2.113753|
|-1.561912|
|-2.095580|
|-28.382377|
|-0.460082|
|-0.318010|
|-2.341003|
|-0.625706|
|-0.017246|
|0.001643|
|4.262878|
|1.339428|
|-1.983023|
|5.454116|
|1.128348|
|13.391727|
|-2.571286|
|-2.016318|
|-1.402093|
|0.014834|
|-2.119234|
|1.617394|
|19.198352|
|0.230729|
|-0.013265|
|3.876228|
|0.108993|
|-3.329911|
|2.427260|
|-1.071373|
|-9.539660|
|1.590168|
|-2.573122|
|2.999485|
|1.659698|
|-0.394024|
|0.615469|
|0.784838|
|0.824498|
|-0.251688|
|-3.352544|
|-0.427771|
|-0.115687|
|3.052431|
|0.716319|
|-1.080387|
|-2.160036|
|0.145153|
|-0.020626|
|19.368087|
|1.457875|
|3.670969|
|-1.199194|
|-0.107125|
|-0.335001|
|-0.750854|
|-0.036608|
|0.280810|
|0.279286|
|-0.379307|
|1.158604|
|0.276735|
|0.058310|
|4.611276|
|18.611598|
|0.127696|
|-1.029146|
|-0.817063|
|1.824135|
|0.043005|
|3.187327|
|1.848361|
|-0.670393|
|2.557355|
|-1.614796|
|0.373344|
|0.321651|
|-1.327466|
|0.232273|
|-4.880755|
|1.100060|
|-1.449150|
|-7.397926|
|1.005851|
|1.855079|
|7.055602|
|-3.540842|
|-6.058506|
|-4.249273|
|-1.794160|
|-2.551644|
|-1.345812|
|-2.187687|
|-1.067679|
|2.821877|
|1.524902|
|6.811862|
|-0.741352|
|-2.738642|
|-4.280107|
|0.352604|
|-3.257253|
|179.006647|
|1.534262|
|17.682847|
|0.972216|
|2.151413|
|-28.933381|
|1.214565|
|-0.172816|
|1.610215|
|-0.287857|
|1.645644|
|-0.839147|
|-1.920256|
|-1.758100|
|-14.185663|
|-0.057471|
|-0.664855|
|2.360835|
|2.605385|
|0.274114|
|-3.586861|
|-1.864131|
|0.784463|
|-0.078203|
|1.877716|
|-3.643661|
|-0.923391|
|-0.098369|
|0.017170|
|4.685461|
|0.348595|
|13.258164|
|11.923720|
|5.600887|
|0.795140|
|-8.108725|
|-2.196256|
|-0.695678|
|2.765520|
|79.632501|
|1.894021|
|-1.084506|
|1.638009|
|-1.615712|
|10.175087|
|1.126864|
|0.667722|
|6.970339|
|1.943662|
|-1.026663|
|-1.417305|
|-4.220548|
|-0.099863|
|-1.880357|
|0.424104|
|-5.671088|
|-0.190430|
|-63.538802|
|1.259117|
|-4.627492|
|-0.825213|
|3.480583|
|0.025714|
|1.042381|
|2.378702|
|-6.867936|
|0.967890|
|1.507640|
|2.661738|
|-1.802587|
|-2.056880|
|-3.777735|
|-2.477138|
|8.451481|
|4.695899|
|79.322477|
|13.102303|
|1.093105|
|-7.471707|
|-0.295910|
|0.376306|
|-1.419770|
|-1.122420|
|0.322387|
|2.361197|
|-0.938663|
|-1.590370|
|3.091490|
|2.638156|
|-5.735856|
|-2.435048|
|1.403555|
|14.292935|
|1.013120|
|-0.425095|
|-0.880386|
|-8.605704|
|0.195558|
|0.829891|
|2.586034|
|7.486930|
|-1.960980|
|-1.216221|
|0.885468|
|0.945378|
|-0.905151|
|-0.437050|
|0.952217|
|3.438571|
|0.658240|
|-4.913828|
|-0.609259|
|2.750336|
|-2.454502|
|2.213148|
|0.552468|
|0.198894|
|-27.189744|
|-1.896542|
|-24.496342|
|-10.182790|
|3.026663|
|0.017548|
|0.124084|
|-1.703205|
|5.163358|
|5.914102|
|62.749611|
|0.294217|
|-1.215894|
|0.916815|
|-1.138710|
|2.886615|
|2.056409|
|1.073072|
|-0.898909|
|-3.822923|
|-0.147362|
|2.118610|
|0.218230|
|4.834462|
|-2.054489|
|2.636496|
|18.120596|
|-3.761323|
|1.998568|
|2.831004|
|-2.190305|
|-0.483824|
|-2.887808|
|-9.794962|
|-0.348662|
|3.361802|
|-0.157612|
|-1.183661|
|-1.493414|
|-3.175530|
|-3.277336|
|-1.453824|
|-1.127452|
|-1.278932|
|3.872774|
|2.782769|
|-2.758703|
|5.225374|
|-3.562213|
|1.351427|
|-11.074557|
|-2.116285|
|5.051486|
|-6.310613|
|3.979921|
|-1.349873|
|0.253455|
|3.597701|
|-0.648913|
|3.163346|
|-3.329989|
|-0.316384|
|2.713262|
|-1.072193|
|-1.895149|
|2.277238|
|2.688419|
|-3.109899|
|3.535843|
|-0.715232|
|0.287127|
|1.571124|
|-1.140008|
|0.736207|
|2.333276|
|-5.141141|
|2.794800|
|-3.436072|
|1.040963|
|0.707362|
|1.823739|
|-3.475145|
|1.269716|
|-1.015902|
|-0.877428|
|0.924416|
|-3.468111|
|-1.587203|
|2.661965|
|0.764684|
|1.866198|
|-0.552710|
|-1.843691|
|-29.842744|
|0.434187|
|0.647696|
|-0.276055|
|-0.227986|
|0.138241|
|-2.501931|
|4.066085|
|-1.101793|
|-1.177258|
|-0.652114|
|-1.613085|
|7.748539|
|4.261823|
|-2.639776|
|3.335469|
|1.458580|
|-4.718023|
|0.280798|
|-18.252781|
|0.248027|
|-25.174630|
|-1.230080|
|0.642782|
|1.719916|
|-2.707051|
|0.596899|
|9.890441|
|-9.619973|
|0.474085|
|-1.169765|
|-0.608108|
|-0.638711|
|9.880730|
|0.883648|
|-0.833425|
|-1.536993|
|0.822080|
|6.570694|
|-2.021557|
|-2.616657|
|-27.339034|
|0.431291|
|-0.067221|
|-2.298776|
|-5.461109|
|0.178615|
|0.766554|
|5.562561|
|-0.497646|
|2.989439|
|-0.882381|
|1.143239|
|-2.611348|
|41.055311|
|-1.383239|
|-2.517020|
|2.379204|
|1.323105|
|-1.120957|
|8.125490|
|-0.709057|
|6.136111|
|7.109910|
|-1.576598|
|1.425667|
|-2.704327|
|0.543793|
|-7.435165|
|0.950569|
|-0.650932|
|-1.813686|
|-0.578537|
|-5.093192|
|-24.308859|
|-0.659152|
|0.537918|
|0.173826|
|-0.124083|
|2.188398|
|4.081106|
|-2.240520|
|-1.756332|
|-0.574882|
|-0.287568|
|-0.664819|
|1.037519|
|5.908840|
|-0.657929|
|-2.255220|
|-1.714004|
|3.007265|
|1.786740|
|2.716868|
|1.941764|
|-1.667149|
|-130.599562|
|-3.107768|
|2.647508|
|-5.925236|
|-1.264764|
|1.990223|
|0.472223|
|1.532885|
|-4.557314|
|-4.869104|
|-1.315477|
|-1.632745|
|7.567700|
|5.551324|
|6.187648|
|0.522954|
|1.699669|
|-6.605482|
|-7.403519|
|-1.796100|
|-1.047953|
|0.958229|
|-1.993597|
|-0.619461|
|0.354349|
|-0.282893|
|-2.005219|
|-0.396936|
|1.354859|
|0.360980|
|-3.307204|
|-1.473458|
|-0.779185|
|-2.827890|
|-0.669460|
|3.858288|
|-1.143582|
|-1.553396|
|0.399370|
|-0.659401|
|-3.851968|
|-1.071049|
|0.628364|
|3.884278|
|3.213932|
|4.799439|
|0.648665|
|0.866887|
|-2.245769|
|-2.036743|
|2.546077|
|-0.719091|
|-0.127015|
|93.249315|
|1.158937|
|-2.655780|
|1.821716|
|-3.687652|
|1.593741|
|-1.357906|
|5.943448|
|1.102734|
|3.567375|
|-2.441722|
|1.343712|
|2.902897|
|-2.550335|
|-0.213095|
|-0.164448|
|-2.634463|
|-4.638999|
|-2.072823|
|-1.826190|
|-2.393878|
|-3.546142|
|0.860158|
|-1.556203|
|-2.840410|
|-0.274877|
|-3.307804|
|0.452854|
|0.055492|
|16.241135|
|9.472692|
|0.764050|
|2.667480|
|-1.216519|
|-0.479010|
|1.219591|
|-3.349309|
|-0.002601|
|-3.892484|
|4.168171|
|-2.747007|
|-0.401860|
|-19.298044|
|-2.314510|
|0.459145|
|0.167020|
|-0.637784|
|0.005373|
|0.514522|
|-0.844799|
|3.517642|
|3.638827|
|-0.045040|
|3.383750|
|0.705340|
|-2.628711|
|0.633813|
|-3.097595|
|0.479837|
|-0.789436|
|17.989335|
|1.814593|
|-1.450511|
|0.137825|
|-0.032082|
|-0.240850|
|-0.792090|
|4.424043|
|1.135908|
|0.486323|
|-1.281553|
|0.192722|
|-0.206604|
|-12.908567|
|0.604767|
|-2690.251387|
|6.127411|
|3.239321|
|2.022262|
|-2.903088|
|-1.339621|
|1.853849|
|1.325646|
|-0.165125|
|-3.883228|
|-0.934197|
|-4.393882|
|-6.361030|
|1.965249|
|1.235378|
|-1.959363|
|0.565345|
|1.592919|
|-0.390809|
|0.822896|
|0.972074|
|0.795862|
|0.216815|
|1.429120|
|21.469211|
|-0.851436|
|-2.264223|
|-0.158636|
|3.484982|
|1.625428|
|0.472006|
|-3.030462|
|0.055456|
|-4.825656|
|0.558128|
|12.889976|
|1.497323|
|-17.054578|
|3.287965|
|-0.146551|
|5.351196|
|4.504417|
|-0.371289|
|0.390376|
|1.775564|
|-0.436907|
|-1.008739|
|0.855428|
|0.911432|
|1.463937|
|-0.701326|
|2.465482|
|0.435033|
|0.377120|
|0.407945|
|1.027770|
|5.829682|
|2.043136|
|0.484521|
|0.416506|
|-0.608961|
|2.693314|
|0.322441|
|10.596235|
|-0.187061|
|-1.391773|
|-1.455248|
|-0.436503|
|2.061067|
|1.091159|
|2.107756|
|10.475515|
|0.686667|
|1.164003|
|-0.926521|
|1.019011|
|1.231642|
|-2.838625|
|5.116460|
|-33.658218|
|2.379972|
|2.613592|
|1.950349|
|-1.349927|
|0.178002|
|0.650861|
|-0.795882|
|-1.036719|
|-1.248017|
|11.030575|
|1.162262|
|-1.332841|
|0.554635|
|1.816759|
|1.281913|
|1.207044|
|-0.491678|
|-6.063691|
|10.727590|
|-0.749535|
|-4.970741|
|-1.620718|
|3.028760|
|-2.738598|
|2.356677|
|79.705017|
|2.050610|
|3.604107|
|-0.093109|
|-0.917328|
|0.223066|
|-4.979958|
|2.514017|
|0.586082|
|-5.110112|
|-0.072837|
|-0.359435|
|-22.610272|
|0.362170|
|0.631974|
|-23.201378|
|1.082922|
|-3.316172|
|-1.260042|
|0.584707|
|-2.165392|
|10.710846|
|0.244005|
|-3.067849|
|3.405279|
|0.003935|
|0.585023|
|-1.977951|
|-3048.154269|
|-0.874370|
|-2.370566|
|27.503087|
|-0.151790|
|-2.024508|
|0.084749|
|-0.423080|
|-4.756316|
|0.196891|
|0.953428|
|-2.750934|
|-0.436389|
|-0.126757|
|0.531004|
|-0.762988|
|-0.472163|
|-1.653510|
|-4.436441|
|-8.725814|
|-3.664083|
|-0.384144|
|-1.694125|
|-0.180100|
|578.114682|
|34.750034|
|5.172679|
|2.239341|
|-1.011884|
|10.657541|
|-3.283122|
|0.214912|
|-1.085246|
|-2.342481|
|40.164201|
|-2.978272|
|0.011192|
|-4.401063|
|-0.684316|
|3.781591|
|-0.661830|
|-1.071417|
|1.665793|
|-2.599267|
|-0.846937|
|3.451018|
|-4.199822|
|3.476201|
|-2.887232|
|1.824844|
|-0.069213|
|-7.099944|
|0.184254|
|2.883573|
|-4.784718|
|-0.203894|
|-0.649522|
|-2.602662|
|-5.814942|
|0.565581|
|0.035208|
|-6.776311|
|8.430122|
|1.436937|
|2.474242|
|-1.663681|
|1.872414|
|-1.800692|
|-18.292578|
|-1.829611|
|-15.726832|
|0.005072|
|-1.311765|
|-2.284977|
|-0.321390|
|-0.500694|
|-53.952335|
|2.120713|
|-0.493014|
|0.049148|
|-1.977630|
|-65.038108|
|1.908731|
|0.726073|
|-11.211592|
|-0.390601|
|1.066107|
|-5.200153|
|-0.652044|
|-2.622208|
|-1.821915|
|-0.581673|
|-0.439210|
|1.028746|
|-4.067336|
|1.735175|
|0.310265|
|0.840898|
|0.323844|
|-1.284405|
|-10.086965|
|20.761549|
|0.596485|
|-0.588540|
|-15.999170|
|-4.634612|
|0.201020|
|6.991743|
|-1.945247|
|2.427258|
|-1.714737|
|-2.653786|
|5.749249|
|-0.051094|
|-2.521716|
|-0.427594|
|-2.180387|
|2.200231|
|-0.104398|
|-1.588187|
|2.090331|
|-1.542020|
|-2.219606|
|-0.698839|
|-3.371566|
|0.684559|
|18.920244|
|-0.005031|
|-9.877260|
|0.980509|
|4.881517|
|-1.212854|
|-1.378179|
|-1.120505|
|-0.602863|
|1.762817|
|1.248529|
|-2.538972|
|-0.758111|
|6.130352|
|-0.645232|
|-1.466551|
|3.573067|
|-3.518642|
|-3.898442|
|1.383319|
|0.574206|
|1.655088|
|0.874900|
|0.054563|
|-0.183303|
|23.571424|
|-0.463289|
|2.079023|
|-1.487514|
|2.612463|
|0.989417|
|0.502574|
|-0.103132|
|0.562195|
|-3.626730|
|0.006677|
|-2.136735|
|0.560399|
|1.749600|
|-1.073386|
|1.087968|
|0.202248|
|2.136066|
|0.263682|
|-1.188744|
|-1.820956|
|2.002040|
|2.054682|
|-0.801966|
|-0.099953|
|0.812894|
|0.595340|
|-1.612601|
|-0.468192|
|-6.767803|
|-1.879524|
|-1.101330|
|0.242751|
|2.858007|
|-0.571931|
|-0.137930|
|6.959301|
|0.168752|
|-4.384829|
|-2.967884|
|-2.121246|
|-0.173371|
|1.700922|
|2.054629|
|0.770911|
|-0.393395|
|-0.889117|
|0.196870|
|1.913525|
|0.553509|
|-2.492215|
|0.028525|
|-6.453799|
|-0.270703|
|-0.282318|
|0.854578|
|1.488760|
|4.523433|
|-1.840988|
|6.782052|
|0.993818|
|-0.466562|
|12.583829|
|-2.316592|
|-2.673945|
|1.704991|
|-2.161256|
|0.877535|
|-1.482273|
|1.898542|
|8.879608|
|1.575255|
|1.268430|
|-0.480498|
|-0.570916|
|-1.619775|
|-7.163254|
|0.652000|
|-32.643882|
|-0.576431|
|-61.577886|
|-0.337051|
|-0.504077|
|-0.700735|
|-1.786304|
|1.874831|
|-1.216657|
|-4.177496|
|2.739049|
|-2.425717|
|11.749169|
|1.092862|
|-25.913356|
|9.167719|
|-0.510545|
|2.349977|
|-2.714108|
|0.674579|
|-1.869129|
|-0.428230|
|-1.835819|
|-3.939504|
|-11.493977|
|3.508490|
|-0.968381|
|-4.055235|
|-2.116173|
|-16.112143|
|1.198027|
|-3.123516|
|-2.940443|
|-0.795185|
|2.897709|
|-1.054017|
|2.384691|
|8.098100|
|-0.985892|
|0.976455|
|-0.112514|
|0.671687|
|0.038274|
|0.371431|
|-1.870683|
|2.129491|
|-1.440395|
|-2.610520|
|-2.923987|
|-7.288403|
|-7.548165|
|4.756071|
|-8.699634|
|4.651785|
|-3.732545|
|-2.506509|
|-2.136369|
|1.286428|
|-1.174626|
|1.604374|
|0.775691|
|-6.456812|
|-2.755337|
|-2.191096|
|2.266999|
|0.847185|
|0.215866|
|38.533022|
|6.541151|
|-0.883810|
|-0.380594|
|-1.604143|
|1.969642|
|0.724974|
|3.891569|
|2.396654|
|-0.517680|
|74.185121|
|-2.014458|
|1.128352|
|1.514051|
|23.736134|
|-0.233396|
|-11.394336|
|-2.180997|
|-9.494801|
|-0.229571|
|1.517084|
|-0.886377|
|2.215997|
|-1.775538|
|0.646637|
|-3.696368|
|0.499190|
|-3.886447|
|1.350085|
|-1.150687|
|-3.391288|
|-0.154240|
|-1.923032|
|-1.426687|
|-5.403808|
|0.519634|
|-3.261930|
|-0.570615|
|1.929669|
|1.464046|
|-0.060733|
|-1.114767|
|-0.697798|
|-1.137525|
|-2.627451|
|-1.359613|
|-4.156807|
|0.363338|
|-2.161863|
|-4.089807|
|1.437930|
|0.698476|
|0.649328|
|-3.313172|
|-1.125154|
|-5.559060|
|-1.210568|
|1.926074|
|2.110658|
|-0.492705|
|0.033780|
|1.547679|
|-1.069205|
|-0.243241|
|-1.752613|
|-1.539377|
|-2.801652|
|1.286578|
|0.946749|
|-58.287867|
|-0.065644|
|1.684800|
|-0.507388|
|-1.793531|
|1.064153|
|1.759834|
|-1.184699|
|3.060090|
|-1.880844|
|6.809765|
|0.296313|
|-0.047090|
|4.530629|
|0.158420|
|2.018546|
|0.072572|
|7.810828|
|1.528095|
|0.552811|
|4.114801|
|2.349433|
|14.455384|
|1.906533|
|-2.183327|
|-7.255030|
|11.850134|
|4.486456|
|-3.407546|
|-0.589648|
|2.767093|
|-0.618116|
|-2.638377|
|2.421851|
|-0.760130|
|0.595902|
|-0.409555|
|1.519977|
|-1.649132|
|-4.101567|
|-2.039748|
|-22.433290|
|0.543145|
|-3.107448|
|-0.295195|
|0.887753|
|0.554266|
|1.467032|
|4.940513|
|-0.444367|
|-3.372829|
|-0.684627|
|4.908510|
|0.470296|
|2.245870|
|-18.476363|
|1.137597|
|-1.651830|
|-2.604840|
|-0.569772|
|0.905312|
|-0.373903|
|0.548197|
|2.902070|
|-1.392808|
|-0.094470|
|-2.474869|
|1.926631|
|1.470257|
|-0.364105|
|0.345325|
|1.921437|
|-1.397218|
|0.135002|
|-3.823677|
|1.029529|
|-0.522761|
|0.990136|
|-4.332065|
|5.086904|
|13.829946|
|0.706432|
|-8.604439|
|60.811423|
|11.182885|
|0.810807|
|-2.655057|
|1.057351|
|0.117704|
|-11.144190|
|0.317286|
|-8.593845|
|-5.450928|
|-1.121049|
|0.590637|
|3.311233|
|-1.338569|
|-12.923620|
|1.217564|
|0.699125|
|-0.821434|
|2.114040|
|-47.774689|
|4.372759|
|-0.595870|
|-1.287926|
|-24.566122|
|-1.719007|
|0.736257|
|-1.520453|
|2.202571|
|0.672251|
|0.218414|
|-4.623235|
|0.420323|
|-1.028168|
|-1.847482|
|0.451008|
|-2.371691|
|-898.909675|
|-3.855160|
|2.390654|
|0.244215|
|-1.214114|
|1.002836|
|1.291493|
|2.566628|
|-2.070787|
|-3.373921|
|-0.810799|
|-0.151214|
|-1.581557|
|1.669842|
|-30.095395|
|-1.506780|
|-0.761124|
|-0.113885|
|-1.639954|
|4.913123|
|-5.297096|
|0.614550|
|-4.375617|
|-1.937708|
|-7.332315|
|-0.370496|
|-8.798370|
|-0.673866|
|-0.718982|
|-0.537640|
|4.444884|
|3.145969|
|-1.948716|
|2.421872|
|-0.714919|
|7.633909|
|-1.778513|
|0.036360|
|-2.899423|
|3.175150|
|0.098369|
|-0.669256|
|1.357995|
|-57.621030|
|-1.001212|
|7.471598|
|-1.581564|
|1.277619|
|-3.418052|
|1.260353|
|-3.455171|
|-0.896973|
|-1.489790|
|3.727947|
|-2.138860|
|0.529797|
|1.191411|
|-1.509122|
|-0.080005|
|0.829237|
|0.143809|
|0.997559|
|-2.952752|
|2.791122|
|-0.847939|
|-2.076048|
|0.336545|
|0.919314|
|-3.030579|
|-1.147278|
|-1.389279|
|-1.407715|
|0.912632|
|8.830354|
|0.655061|
|-9.140493|
|2.184881|
|27.141917|
|0.946337|
|1.361727|
|-2.858125|
|12.566667|
|1.240440|
|-0.163836|
|-0.138276|
|-23.044012|
|0.518078|
|5.609287|
|-19.750103|
|-1.025177|
|-2.224839|
|0.294072|
|13.038584|
|0.980837|
|-28.328546|
|-3.772720|
|-11.207754|
|0.859460|
|0.274763|
|-12.488326|
|0.301932|
|2.517974|
|1.553700|
|-0.503122|
|0.661118|
|0.694369|
|-2436.281804|
|-1.997492|
|-1.336849|
|-1.051667|
|-1.271401|
|1.024496|
|-1.283817|
|70.286448|
|-2.713612|
|0.664440|
|-1.295230|
|-7.422050|
|-1.895325|
|0.114210|
|10.063326|
|-3.390779|
|-3.645383|
|0.088546|
|-5.054329|
|2.406454|
|1.308591|
|-2.325846|
|-2.061320|
|0.409146|
|-1.853066|
|2.585048|
|-1.339399|
|0.961360|
|0.931808|
|-4.222622|
|-0.103495|
|6.742971|
|-2.178019|
|4.839546|
|-1.067480|
|-1.903063|
|0.205018|
|0.536271|
|1.186231|
|-12.675414|
|-1.377770|
|13.635855|
|-0.372107|
|1.810923|
|-0.267164|
|1.330453|
|-0.537750|
|9.927555|
|-11.111704|
|0.391927|
|-1.311281|
|-1.988298|
|-1.745990|
|-3.821357|
|-1.441355|
|-1.835190|
|-4.104378|
|-14.835581|
|-36.381560|
|-2.527574|
|-19.448327|
|0.026757|
|2.547993|
|-8.623417|
|-1.461918|
|-0.766756|
|-0.147980|
|-1.069383|
|-3.289860|
|-14.506985|
|-1.166183|
|-6.718912|
|-2.519442|
|2.409123|
|-25.986078|
|-3.788068|
|-1.805723|
|-0.920958|
|-1.127103|
|-2.627149|
|2.126127|
|-0.564701|
|1.979510|
|-4.198367|
|-4.402314|
|-0.503580|
|0.217167|
|-2.961234|
|3.047508|
|8.339619|
|-1.741569|
|2.954324|
|-46.487980|
|-0.382769|
|12.265713|
|-1.128884|
|1.352380|
|-0.718839|
|-0.923487|
|-1.616723|
|0.580966|
|-1.860069|
|-3.729137|
|-0.851447|
|-4.630064|
|-1.100330|
|2.115218|
|-1.900975|
|-0.669027|
|-2.523789|
|4.325864|
|13.503708|
|0.423902|
|0.178134|
|-0.680035|
|0.225678|
|9.648290|
|-0.558949|
|-1.884167|
|-2.750910|
|-2.354674|
|1.372908|
|-2.554850|
|-0.587082|
|-0.484202|
|-2.502705|
|1.375890|
|-3.847397|
|-4.593486|
|-1.423458|
|-2.321598|
|1.313927|
|-6.547898|
|2.447614|
|-1.965835|
|-3.690262|
|-4.236751|
|-0.081036|
|-6.577872|
|-1.295498|
|3.894825|
|-6.239999|
|6.973841|
|1.938577|
|-1.076465|
|6.968022|
|-1.512449|
|-4.367860|
|2.212085|
|-3.133649|
|-1.139092|
|-3.297172|
|-1.030560|
|-2.098427|
|0.058105|
|0.419585|
|-0.163950|
|-3.241752|
|-0.189540|
|0.765689|
|-1.167292|
|1.900357|
|-1.506692|
|-4.237763|
|-0.576102|
|-6.698625|
|1.159826|
|5.228906|
|-1.052076|
|0.089656|
|-0.586856|
|0.328117|
|-2.430681|
|-6.316866|
|1.392553|
|-166.217493|
|-3.049213|
|-11.713569|
|18.973756|
|-5.543617|
|0.026117|
|-1.905515|
|-6.517404|
|20.349280|
|0.474839|
|-66.866752|
|1.553357|
|-12.718197|
|0.992680|
|0.839486|
|-3.169062|
|1.564723|
|1.061466|
|-0.077684|
|1.760705|
|16.023504|
|0.869868|
|-41.519321|
|2.996127|
|2.877745|
|-1.257586|
|-1.601522|
|-1.489921|
|1.078442|
|-1.124518|
|6.072954|
|-1.446143|
|0.798849|
|-27.526653|
|-3.603236|
|-10.479451|
|-0.109553|
|-1.786218|
|-8.677191|
|-0.366319|
|2.577183|
|-2.161103|
|4.660736|
|0.461885|
|-0.999289|
|5.234123|
|6.369609|
|-3.301748|
|-0.472935|
|0.463897|
|0.151506|
|0.798286|
|-3.161149|
|-0.374498|
|0.127164|
|-3.660754|
|0.475307|
|-0.621359|
|-2.079059|
|1.332872|
|0.709430|
|5.980195|
|0.655751|
|-1.599805|
|-1.865347|
|2.356367|
|8.710785|
|9.356642|
|-12.319257|
|1.418474|
|1.380728|
|-8.831483|
|-1.516674|
|-1.399620|
|-0.195125|
|-1.309766|
|-1.684467|
|-0.951559|
|1.360135|
|3.311489|
|-1.475821|
|-1.377370|
|61.212690|
|0.840650|
|-12.390496|
|-15.983971|
|-0.896340|
|1.128934|
|-5.796073|
|-0.957545|
|-12.485435|
|-19.188993|
|0.332692|
|-1.436546|
|2.561111|
|-2.398374|
|0.255270|
|-0.768328|
|0.169436|
|-1.663324|
|-1.045791|
|-6.778151|
|-2.253978|
|0.003128|
|-1.498142|
|-2.936693|
|-0.912668|
|-0.782136|
|-0.209502|
|0.116125|
|-11.453308|
|-2.237621|
|-2.552287|
|-2.226344|
|-0.120419|
|-2.161464|
|3.332865|
|-0.140835|
|-2.291583|
|-2.077013|
|0.184488|
|-1.179747|
|27.447535|
|-6.022209|
|2.053000|
|0.521624|
|-0.816127|
|-1.887084|
|-2.041433|
|1.330987|
|-0.809797|
|0.037606|
|-1.882662|
|-0.683098|
|-0.835804|
|1.378358|
|-15.730726|
|-0.804195|
|0.355523|
|1.308674|
|0.071581|
|-3.046570|
|-1.705421|
|3.406763|
|-3.344948|
|1.054262|
|-15.943141|
|-8.321810|
|3.374147|
|-4.003744|
|2.417232|
|-2.234282|
|-0.370331|
|-3.786887|
|0.367346|
|-1.010887|
|-1.641855|
|-0.419295|
|1.916195|
|-4.463001|
|0.459301|
|-2.259751|
|0.636257|
|1.845872|
|-3.222179|
|-2.071725|
|-6.293053|
|-2.835094|
|11.713658|
|0.258809|
|2.107819|
|2.152141|
|-0.208606|
|-1.006789|
|-33.105093|
|-10.590551|
|-3.157620|
|0.532014|
|-0.525030|
|-0.321519|
|2.206500|
|-2.604333|
|-4.207333|
|-0.054724|
|-0.037176|
|-66.369467|
|0.413809|
|-1.275676|
|-2.261750|
|-0.978257|
|-1.482610|
|1.783461|
|-2.972264|
|-1.734205|
|-1.547654|
|-123.051063|
|0.067135|
|2.761874|
|-0.009803|
|0.665757|
|2.052665|
|-0.737903|
|-0.873405|
|-0.270402|
|-0.865253|
|1.012978|
|1.052930|
|1.594397|
|-2.256351|
|0.723816|
|-1.335796|
|-0.374966|
|-0.470749|
|5.835338|
|0.057421|
|-1.456195|
|0.320404|
|-2.411909|
|1.132870|
|-3.074263|
|-39.838989|
|1.013638|
|-2.231995|
|-5.661126|
|-2.458081|
|-1.949985|
|4.229539|
|-1.147312|
|0.756988|
|4.109631|
|0.544297|
|0.262495|
|-4.672458|
|0.430257|
|2.492097|
|-25.509253|
|-0.734587|
|-1.604036|
|-6.083030|
|2.442988|
|6.452240|
|-23.560762|
|3.015148|
|0.402172|
|-0.447400|
|2.020192|
|1.716786|
|2.118892|
|4.204912|
|0.345000|
|-0.971621|
|-1.799052|
|0.166999|
|-7.339369|
|-1.125023|
|-5.953738|
|-1.959979|
|2.539206|
|1.131470|
|-2.210646|
|0.006587|
|1.209681|
|13.652243|
|-1.352972|
|-1.739386|
|4.402220|
|-1.236976|
|0.553133|
|1.779574|
|-4.124357|
|-3.198239|
|-1.517390|
|-4.041421|
|0.012741|
|0.357338|
|-5.586553|
|-4.538775|
|54.991839|
|35.951488|
|-0.960288|
|-2.631458|
|-1.275742|
|-17.258754|
|-0.607316|
|-2.464223|
|-1.592588|
|4.848552|
|26.202860|
|0.329636|
|-1.267339|
|-4.251005|
|3.171539|
|-2.161801|
|-0.495239|
|-3.144652|
|0.378658|
|-2.047698|
|-0.890311|
|-1.262853|
|1.406745|
|-1.025085|
|1.313532|
|0.989448|
|-0.794144|
|1.553648|
|2.997282|
|-1.024535|
|-0.681189|
|0.312501|
|-1.209409|
|0.022940|
|2.423736|
|0.547812|
|-2.086194|
|0.027116|
|-4.031497|
|-4.600900|
|-1.010544|
|-1.434301|
|-1.075956|
|-9.083269|
|-11.038096|
|-2.217868|
|-3.342805|
|1.477225|
|-0.558234|
|0.019568|
|-1.275438|
|2.532493|
|0.891584|
|-3.805691|
|-1.704488|
|1.056244|
|-0.516180|
|0.403460|
|0.293911|
|2.163739|
|-1.434027|
|0.223785|
|1.069604|
|1.282186|
|-0.460648|
|-3.301083|
|-0.775030|
|-1.221269|
|-0.017747|
|0.067915|
|-2.616138|
|-25.142620|
|-2.156461|
|0.748673|
|-0.614207|
|0.066794|
|-0.647876|
|-1.063837|
|0.575210|
|0.396217|
|3.989174|
|0.491001|
|-3.654323|
|-3.433525|
|-2.127608|
|0.981374|
|-1.381827|
|-39.848179|
|-1.941869|
|0.695463|
|-6.866927|
|-0.395074|
|3.120802|
|0.551289|
|-0.676501|
|-3.023877|
|-1.493389|
|1.375880|
|1.929230|
|-0.286317|
|-5.172265|
|0.120744|
|-3.851662|
|-1.372243|
|-0.421629|
|-3.892764|
|-3.154611|
|33.132339|
|2.299601|
|1.817569|
|-3.429358|
|5.841959|
|-3.206068|
|-1.047864|
|-12.672028|
|1.026992|
|-49.000499|
|-7.867573|
|1.351292|
|0.241226|
|-0.681621|
|-5.244733|
|-3.106550|
|-5.407488|
|1.351540|
|441.280637|
|-0.936152|
|0.188838|
|-6.784389|
|0.468117|
|-3.216020|
|-0.975405|
|-0.678526|
|-0.661834|
|1.340184|
|-0.208704|
|-1.074851|
|-1.431796|
|-1.714825|
|-10.086724|
|0.895431|
|-6.324475|
|2.175226|
|-1.265770|
|-1.392067|
|-17.600198|
|-0.781616|
|-2.009616|
|0.689589|
|-4.669989|
|-5.124565|
|0.149818|
|0.536184|
|0.610676|
|-1.965070|
|-2.591934|
|1.334742|
|-6.341200|
|16.177665|
|0.177835|
|-2.756830|
|-0.889762|
|-2.233073|
|1.048922|
|-4.823702|
|-2.564605|
|-13.431828|
|1.525948|
|-0.690950|
|1.913556|
|-2.398014|
|-1.226116|
|-0.103582|
|43.000805|
|-2.604304|
|8.171048|
|2.420874|
|-0.803534|
|25.241203|
|-42.966404|
|-1.620560|
|0.228926|
|-3.297091|
|0.925526|
|-0.071036|
|-0.438709|
|3.960425|
|4.152343|
|1.462827|
|-0.493662|
|-52.072073|
|-0.600027|
|2.142636|
|-1.805160|
|-0.403923|
|-12.287834|
|0.442818|
|-4.178434|
|-1.588023|
|1.384197|
|-3.083810|
|-1.906380|
|19.107938|
|-6.948574|
|-0.145947|
|1.107065|
|-2.805724|
|0.573823|
|1.142583|
|1.578225|
|-0.649110|
|-7.111368|
|0.643598|
|-6.231503|
|-1.077074|
|1.306361|
|0.071381|
|-0.236224|
|1.901129|
|-21.499744|
|-4.667605|
|-1.298323|
|4.701758|
|0.137940|
|0.521043|
|-2.376727|
|9.473984|
|-0.002070|
|18.020434|
|-8.564279|
|0.519586|
|-0.002370|
|-7.123056|
|0.275025|
|-0.387096|
|-2.396267|
|-4.673330|
|-0.838323|
|-16.097001|
|1.715936|
|-0.296474|
|-2.325974|
|-4.403993|
|0.279479|
|-2.372934|
|1.174263|
|-64.187172|
|-1.539945|
|-0.472610|
|-2.800116|
|-9.000708|
|0.819142|
|-35.473561|
|-63.110460|
|-0.057229|
|-2.441171|
|-0.785973|
|-1.561209|
|-0.509322|
|1.142219|
|-6.866082|
|-5.099528|
|4.861008|
|-2.839331|
|-19.820045|
|-1.380489|
|-2.897556|
|0.207682|
|-1.213686|
|-0.674657|
|0.025062|
|-2.934296|
|-0.752690|
|5.441384|
|-9.884930|
|1.514166|
|-1.530811|
|-1.445120|
|-3.176860|
|7.392356|
|-1.070343|
|-0.718494|
|0.615851|
|13.979796|
|0.255491|
|6.836700|
|1.121503|
|-2.875986|
|-1.307561|
|-3.852718|
|-1.943697|
|-2.125333|
|-3.937774|
|-178.641243|
|-2.252730|
|-1.110339|
|-0.330157|
|-3.087217|
|207.959776|
|2.865515|
|0.828056|
|-0.947486|
|0.197176|
|-1.690545|
|-44.451671|
|2.103764|
|-4.049172|
|17.785507|
|-3.649276|
|0.802060|
|-1.771126|
|-7.176416|
|0.823383|
|0.170211|
|-3.127610|
|-0.433866|
|0.127420|
|0.725135|
|0.737662|
|5.079489|
|-2.348350|
|75.767522|
|-41.756819|
|1.765007|
|-1.679889|
|-1.348801|
|-0.711532|
|-0.371756|
|-0.123717|
|-9.974790|
|-2.194615|
|-0.803394|
|-0.756706|
|-0.118179|
|-2.221464|
|-2.718146|
|-1.638098|
|-1.488047|
|-3.580557|
|-0.559349|
|-0.839741|
|-0.468362|
|-0.802798|
|1.609089|
|-0.417489|
|-2.067681|
|-2.410493|
|-0.790714|
|0.673382|
|-2.757548|
|-9.279234|
|-1.186341|
|-5.357683|
|-3.108298|
|0.148961|
|-7.962337|
|-2.536856|
|0.356690|
|-0.018016|
|-2.040685|
|2.990826|
|-1.700611|
|-2.509449|
|-6.319393|
|1.872153|
|-1.005577|
|-3.520892|
|1.242803|
|19.523305|
|-0.057256|
|1.343392|
|-1.486950|
|-1.272615|
|-1.547813|
|1.560902|
|0.261237|
|0.164750|
|0.932899|
|1.051801|
|3.598022|
|-1.325932|
|2.369124|
|1.784057|
|-0.403631|
|-4.278226|
|-1.959844|
|0.839175|
|-0.605852|
|1.209814|
|-1.526175|
|-10.057074|
|-1.863607|
|-5.013001|
|-0.198786|
|0.975931|
|0.171451|
|1.781685|
|-3.215923|
|-1.475975|
|-29.179916|
|-1.237550|
|-0.119638|
|-2.517417|
|1.558927|
|-3.870103|
|-0.671289|
|-0.717544|
|-0.949509|
|-1.929007|
|-1.304714|
|-0.010786|
|9.593613|
|0.398668|
|-1.431207|
|-6.054809|
|-7.213204|
|0.281873|
|-7.192536|
|0.663822|
|0.177585|
|-0.638647|
|-0.784290|
|1.302136|
|1.947536|
|-3.519982|
|0.799449|
|-6.782597|
|-1.336231|
|-0.098848|
|-0.142606|
|-1.140655|
|-2.230376|
|-0.820414|
|-1.093603|
|0.114402|
|-49.947697|
|-4.916512|
|-0.635080|
|1.939905|
|4.977005|
|-0.924331|
|-3.052107|
|-1.961186|
|-3.808575|
|-2.548875|
|3.170953|
|1.658430|
|-1.681699|
|-3.804903|
|-7.067130|
|2.548710|
|1.150902|
|0.807680|
|-4.828745|
|-2.267582|
|-0.076468|
|4.956125|
|-0.393309|
|-1.504738|
|-28.321432|
|1.078010|
|-2.207719|
|2.955265|
|3.822583|
|-2.661960|
|-2.088675|
|0.257609|
|-1.488793|
|-50.149187|
|0.311899|
|0.523351|
|2.487662|
|1.833883|
|-0.444768|
|0.393858|
|-2.416174|
|1.525394|
|-2.312581|
|1.996164|
|-2.452384|
|14.984161|
|2.185927|
|-1.433542|
|0.556283|
|2.081475|
|0.602138|
|-8.974188|
|1.211265|
|-0.886401|
|1.410518|
|-1.101248|
|-9.503261|
|1.901810|
|-0.746606|
|-0.841109|
|1.542415|
|-0.839590|
|1.471453|
|0.722197|
|-4.676345|
|-7.567849|
|-2.569290|
|0.345334|
|0.825561|
|0.892076|
|-0.360011|
|0.116987|
|0.003761|
|0.306272|
|0.294788|
|-2.002144|
|-7.373109|
|-0.600581|
|-1.619631|
|7.492601|
|0.661764|
|0.605844|
|-2.915939|
|-1.180210|
|-3.286960|
|-6.082664|
|-749.140222|
|-6.383637|
|0.409255|
|-6.770336|
|-1.545398|
|-0.873442|
|-6.706712|
|-2.875485|
|-2.729394|
|-1.307254|
|1.865218|
|-1.461182|
|1.657285|
|-1.971446|
|-1.353851|
|-6.801623|
|-0.928669|
|-2.099473|
|-2.046930|
|-0.573879|
|-2.893662|
|10.470047|
|3.051677|
|-11.132188|
|-1.396311|
|5.496656|
|-3.875670|
|0.377287|
|-4.232358|
|-4.141527|
|-2.561431|
|-9.182461|
|-0.147986|
|1.144132|
|1.414566|
|0.646564|
|4.940714|
|1.247141|
|-2.874401|
|-1.553749|
|-1.786261|
|1.372750|
|-4.173601|
|-4.522982|
|-4.106597|
|-1.734885|
|-4.255707|
|-2.564435|
|2.701496|
|8.331066|
|-1.890379|
|-0.078850|
|5.602154|
|-0.363155|
|-2.960712|
|-3.618885|
|11.649106|
|4.555465|
|-5.998445|
|10.542088|
|5.075141|
|0.200993|
|-6.175739|
|3.662880|
|-0.821935|
|-4.319985|
|-0.215415|
|-232.928570|
|28.219950|
|-0.514015|
|-0.003386|
|-0.085084|
|-0.347288|
|-4.721333|
|3.803930|
|-0.542060|
|0.397735|
|-0.980148|
|-11.297915|
|-2.001646|
|-1.692308|
|-1.939620|
|-3.849759|
|-0.481620|
|-1.887181|
|-0.981364|
|0.498465|
|-2.551812|
|2.458404|
|-1.367240|
|-2.300213|
|1.441157|
|0.621987|
|2.234074|
|-8.516949|
|1.229821|
|-2.398856|
|-6.103382|
|0.755757|
|-1.473264|
|1.697831|
|0.299995|
|-1.326108|
|-1.521417|
|-0.966125|
|-7.441855|
|2.056740|
|-1.828886|
|2.026149|
|-3.950107|
|1.871703|
|25.511748|
|2.170152|
|-4.949351|
|-0.417456|
|-28.564053|
|10.938603|
|-0.983510|
|2.944841|
|-3.944642|
|-0.999715|
|10.664848|
|-0.294447|
|-14.554290|
|-14.642861|
|-0.166562|
|0.472319|
|-0.485816|
|-3.474963|
|1.859135|
|-0.925149|
|-4.968919|
|-7.182160|
|-5.247158|
|4.314038|
|-6.863411|
|-1.717986|
|-0.722311|
|0.118709|
|-4.446983|
|-12.621221|
|-3.059426|
|-153.522784|
|-4.955121|
|1.046812|
|0.613902|
|-2.574896|
|-1.407910|
|0.998260|
|-5.930641|
|-1.777448|
|-3.651429|
|6.798453|
|-5.517265|
|1.052010|
|-0.222634|
|-3.038793|
|10.753456|
|-3.328096|
|1.143648|
|-0.681606|
|1.094531|
|-245.503356|
|-1.429626|
|-1.429584|
|-0.792073|
|-24.934067|
|-1.892782|
|-3.006848|
|0.767917|
|2.102940|
|-2.295825|
|-2.211531|
|-1.340553|
|1.401998|
|-3.453089|
|0.209875|
|-3.465576|
|-0.746286|
|3.089669|
|1.114216|
|-3.109039|
|-2.416345|
|-1.396266|
|-6.194437|
|61.339237|
|1.265719|
|2.202828|
|-0.558881|
|-0.433236|
|-25.328467|
|1.419832|
|0.988137|
|3.926621|
|2.162784|
|39.606465|
|0.928713|
|4.907444|
|-2.175309|
|-4.275501|
|-2.149319|
|-1.068528|
|-1.067161|
|0.372741|
|-1.932414|
|-4.093135|
|-17.053893|
|-0.644161|
|0.678412|
|2.624793|
|-3.495650|
|-3.140133|
|-34.911218|
|-0.421247|
|7.684072|
|0.040108|
|-34.225815|
|6.586267|
|-6.449018|
|2.501095|
|-4.601635|
|23.250145|
|-0.565163|
|-2.723515|
|16.493562|
|0.406561|
|1.888831|
|0.729651|
|0.291225|
|-0.033334|
|1.149572|
|0.317331|
|-3.348074|
|-0.955393|
|-5.364182|
|0.842281|
|-2.155606|
|-1.081226|
|0.111401|
|-0.958428|
|-3.800631|
|-3.942585|
|-2.944490|
|-0.821544|
|1.120244|
|1.501358|
|-0.205299|
|-2.336281|
|0.942831|
|0.249449|
|-1.930130|
|-1.211935|
|0.927060|
|1.053469|
|0.908921|
|1.968725|
|-2.491881|
|0.477138|
|-1.642094|
|41.165166|
|-1.679139|
|3.340393|
|14.914574|
|0.021212|
|1.145015|
|-9.114857|
|-0.438984|
|-0.384812|
|-0.546972|
|-0.849365|
|1.066271|
|-0.551145|
|1.984140|
|-1.140096|
|-0.749714|
|-3.172817|
|1.764294|
|-0.115196|
|-1.469973|
|-1.282370|
|-2.391042|
|1.231757|
|0.164226|
|-0.472456|
|-0.974502|
|0.476941|
|-3.241731|
|13.680413|
|-21.043386|
|-5.557197|
|0.324387|
|-1.813181|
|-3.136489|
|-3.961639|
|0.104836|
|1.344853|
|-11.676216|
|-1.266088|
|-7.310997|
|17.565904|
|-0.387874|
|-3.584218|
|-0.009942|
|1.639425|
|-7.834841|
|-4.732014|
|-1.019716|
|-1.450009|
|-0.607480|
|-1.411138|
|0.360044|
|-0.349163|
|-0.805833|
|3.726042|
|-334.849868|
|-0.460908|
|-2.044486|
|-1.477625|
|-2.465565|
|0.575781|
|-0.074951|
|-0.703056|
|1.730552|
|13.869443|
|0.718164|
|-2.028717|
|-1.487428|
|-0.714974|
|-8.591783|
|-2.841130|
|-0.565868|
|-1.939671|
|0.716854|
|-1.864782|
|-0.689932|
|-50.489339|
|0.449542|
|-0.771888|
|0.708378|
|-1.591791|
|-1.206180|
|-3.447547|
|-4.616792|
|-3.315270|
|-2.058128|
|-3.278677|
|-2.998909|
|0.598407|
|-0.970417|
|-0.362410|
|5.698045|
|0.832835|
|-0.419918|
|-5.969304|
|0.093142|
|-1.515027|
|0.611452|
|0.696982|
|-1.564355|
|1.429625|
|0.273705|
|1.822919|
|0.051348|
|1.378908|
|-5.390687|
|-3.623766|
|-0.914909|
|-1.336481|
|2.689783|
|0.677616|
|-17.738687|
|0.966721|
|-1.716030|
|-2.750644|
|-3.079765|
|1.033232|
|-0.347336|
|-8.131188|
|-0.025260|
|2.284012|
|2.064977|
|-6.234108|
|0.097177|
|0.557527|
|-0.224706|
|14.921893|
|-0.698999|
|1.735453|
|-5.119304|
|8.823784|
|-1.412664|
|-1.612172|
|-0.084312|
|-1.147059|
|-0.521495|
|0.543672|
|-0.359357|
|0.200652|
|-0.010402|
|29.790578|
|1.180344|
|-2.770979|
|-15.750564|
|-1.862165|
|-4.456787|
|1.184654|
|4.182754|
|-0.954067|
|3.014359|
|0.780025|
|-8.851295|
|-4.022034|
|0.017435|
|0.576469|
|-0.428625|
|2.681407|
|1.024853|
|-2.214916|
|0.800549|
|-4.118790|
|1.105663|
|-17.811331|
|33.226244|
|-1.251115|
|-7.918640|
|-0.044854|
|-7.879819|
|-0.263340|
|-2.170708|
|-7.446489|
|0.416244|
|-5.232019|
|-2.233135|
|0.423537|
|2.843179|
|1.351327|
|0.091545|
|-3.545958|
|0.487156|
|5.681800|
|-2.299984|
|-0.980345|
|-1.062939|
|-1.634534|
|-5.946015|
|6.012046|
|-1.315461|
|0.534159|
|4.696274|
|2.565431|
|0.224301|
|-3.864185|
|2.729416|
|-0.187477|
|-0.831632|
|0.924217|
|-0.515581|
|-6.206917|
|0.036672|
|-1.144610|
|-0.916791|
|-0.038053|
|-1.741085|
|-4.188541|
|-3.408148|
|-0.647774|
|-4.772316|
|1.864967|
|-2.062299|
|-5.018738|
|-0.433277|
|-4.646354|
|-2.151456|
|-3.288492|
|-0.583416|
|-35.242523|
|-22.478114|
|-18.392131|
|-0.818403|
|-0.546779|
|-0.180093|
|-2.916755|
|1.906940|
|-10.618617|
|-19.413206|
|32.052323|
|0.810798|
|-2.999871|
|-1.116268|
|2.980419|
|-4.025187|
|1.579625|
|-2.907778|
|3.344580|
|-6.723159|
|-10.165151|
|0.836843|
|-0.881908|
|-1.514855|
|-2.720031|
|-3.741637|
|0.118568|
|-3.704980|
|1.268468|
|-19.682280|
|1.472840|
|0.831928|
|0.690090|
|0.308299|
|-1.608766|
|-10.051584|
|19.782608|
|-1.463986|
|-0.707236|
|-1.969304|
|17106.404633|
|-7.108056|
|-2.409090|
|-0.564960|
|-11.576771|
|-0.666443|
|-2.110705|
|-1.829926|
|-2.533927|
|-0.242138|
|-1.952740|
|-1.740670|
|-20.832456|
|-6.605174|
|-0.958867|
|0.984410|
|0.690489|
|-2.602488|
|-3.885042|
|1.318598|
|-1.802604|
|-2.659576|
|0.909012|
