----------Resultado-----------
|2.530303|
|2.783366|
|0.952151|
|-0.598558|
|-0.464954|
|3.587973|
|40.825905|
|0.656379|
|-1.225471|
|-0.098157|
|16.760936|
|-0.366619|
|-0.369669|
|1.654454|
|-0.503439|
|3.664932|
|0.140695|
|12.097376|
|0.250529|
|4.080177|
|-0.000286|
|0.944785|
|-5.851612|
|-0.420318|
|2.150044|
|2.140992|
|1.628259|
|-2.823840|
|1.913067|
|0.180489|
|0.361164|
|3.537902|
|-15.228645|
|-0.477822|
|-0.396391|
|-2.078063|
|0.587464|
|1.009319|
|82.290975|
|0.303925|
|1.509553|
|1.015143|
|26.884718|
|0.065931|
|1.961116|
|2.503916|
|-0.777039|
|-0.224986|
|-0.307749|
|-0.105506|
|0.019541|
|0.398958|
|0.123939|
|0.574443|
|11.452643|
|4.827912|
|2.208070|
|-1.380135|
|0.761508|
|0.831402|
|0.245270|
|-0.368286|
|6.644965|
|-0.495603|
|0.082915|
|-3.458459|
|1.853622|
|0.051218|
|1.344609|
|1.265936|
|7.476744|
|1.895204|
|6.994317|
|1.494762|
|62.298456|
|1.072907|
|-0.342462|
|0.751627|
|0.299480|
|-3.327920|
|0.881710|
|8.892434|
|2.589794|
|4.542761|
|-0.534872|
|5.433404|
|-0.279434|
|8.913781|
|2.516993|
|2.910747|
|0.614569|
|2.150846|
|13.021906|
|-0.734642|
|-2.067162|
|3.252925|
|0.255661|
|1.336149|
|-0.071040|
|1.046120|
|10.347841|
|-5.360534|
|0.443444|
|2.493599|
|-1.405582|
|0.785530|
|1.785976|
|-0.655601|
|1.690386|
|1.219605|
|0.717011|
|-0.839707|
|1.335620|
|2.400747|
|4.270048|
|-3.595262|
|-1.415173|
|3.705581|
|5.154079|
|1.958929|
|1.840473|
|-0.472969|
|-0.214642|
|1.266384|
|0.329410|
|0.755204|
|0.366098|
|-6.761330|
|1.116921|
|-1.561277|
|1.757984|
|0.059564|
|2.038942|
|0.939322|
|-0.863734|
|0.665007|
|0.576109|
|-0.329415|
|2.096304|
|0.164518|
|-1.407670|
|0.615902|
|-6.108423|
|-0.076152|
|-0.680682|
|-0.788459|
|-17.121075|
|1.674637|
|-0.331518|
|1.422601|
|0.226606|
|3.024710|
|1.573334|
|0.826855|
|4.299719|
|0.210197|
|0.546042|
|2.410549|
|0.642480|
|1.616307|
|2.492740|
|-56.608179|
|0.873837|
|-1.065293|
|-8.939264|
|-0.055646|
|0.649431|
|6.884499|
|0.582016|
|3.261429|
|-1.174119|
|0.504460|
|-0.307565|
|0.592503|
|16.176848|
|5.415343|
|7.226888|
|0.189891|
|1.948671|
|-2.577919|
|0.979677|
|-0.371525|
|2.260159|
|-0.428542|
|-1.664123|
|0.815385|
|1.635909|
|-0.366654|
|13.233019|
|-1.953499|
|2.600713|
|0.370082|
|0.911886|
|0.446400|
|-0.414206|
|0.714246|
|-1.110956|
|-3.360904|
|1.405677|
|-0.761919|
|2.104231|
|1.934309|
|0.341781|
|1.537585|
|0.452658|
|0.055612|
|0.829463|
|3.025091|
|1.361554|
|1.201914|
|0.620206|
|0.376551|
|0.658362|
|0.812461|
|1.189397|
|-0.496132|
|-0.189908|
|-0.683751|
|-0.355459|
|5.286372|
|0.874915|
|1.209726|
|0.133703|
|0.557601|
|-0.754545|
|3.363443|
|-0.871511|
|13.851224|
|2.907563|
|-0.774330|
|-1.136137|
|0.108791|
|0.166636|
|-1.106480|
|2.117564|
|-1.389836|
|0.922187|
|3.341062|
|1.664382|
|1.453457|
|-3.293946|
|-5.259211|
|1.371012|
|1.730923|
|7.163743|
|1.160180|
|11.656509|
|-0.193807|
|-0.593571|
|1.156775|
|1.969055|
|-0.474940|
|5.069966|
|1.872704|
|-2.827817|
|54.762824|
|0.347887|
|1.113980|
|0.366784|
|-0.353289|
|0.235436|
|-1.497853|
|-0.122799|
|-0.802558|
|0.550562|
|-0.046854|
|-7.251573|
|-1.443501|
|12.593515|
|-0.209529|
|5.310201|
|0.325933|
|-0.558139|
|-0.240108|
|-2.879525|
|-0.161791|
|-0.153986|
|-0.655870|
|0.837627|
|-1.183519|
|-4.377741|
|-0.321991|
|0.168876|
|0.776298|
|0.262038|
|0.201543|
|8.175455|
|-1.576678|
|-0.742879|
|0.085454|
|-0.417571|
|1.502729|
|0.630900|
|1.607059|
|1.178291|
|2.116413|
|0.891864|
|0.282737|
|-1.205341|
|3.456687|
|1.670577|
|2.567388|
|-0.567239|
|-0.271711|
|0.503882|
|-1.467824|
|3.503788|
|-2.975183|
|-0.922451|
|0.059372|
|-2.420534|
|1.430751|
|-3.864112|
|6.103717|
|0.602884|
|-0.592415|
|8.189055|
|2.796854|
|-1.545732|
|-0.339951|
|-1.259646|
|17.796975|
|0.737839|
|0.428396|
|1.194272|
|0.956826|
|1.406387|
|-0.162023|
|0.666477|
|-1.480029|
|0.577793|
|-1.957570|
|0.072643|
|-1.179952|
|0.810456|
|-2.323689|
|0.937278|
|-0.373534|
|1.030987|
|6.990033|
|0.845137|
|-0.679691|
|-2.387799|
|-17.457808|
|0.245912|
|0.707287|
|-0.423297|
|0.980417|
|2.613568|
|-1.566108|
|1.033362|
|-1.358506|
|1.190344|
|36.652582|
|-2.274761|
|3.075326|
|-0.019107|
|0.179089|
|-0.521807|
|1.149656|
|2.036021|
|16.961404|
|-1.221761|
|-1.992453|
|2.430431|
|-0.092580|
|2.183278|
|-1.718675|
|1.038992|
|-0.313143|
|-0.653842|
|-0.809906|
|-1.924217|
|1.320748|
|-2.557159|
|-6.278120|
|2.511807|
|-1.344291|
|0.175201|
|3.543555|
|0.795543|
|-0.280911|
|-0.102970|
|0.305317|
|-0.928554|
|3.256999|
|-0.267109|
|-0.109339|
|-1.440963|
|-0.496383|
|3.369442|
|0.462893|
|1.015410|
|1.018439|
|3.362193|
|-0.698647|
|-0.277770|
|-0.618153|
|0.897717|
|-2.141238|
|-0.719922|
|0.166828|
|0.439384|
|0.064020|
|1.370551|
|-0.216750|
|0.072368|
|184.968707|
|-23.489590|
|-0.792507|
|3.999121|
|69.301958|
|-0.242799|
|5.310937|
|0.272106|
|26.486332|
|-2.204144|
|-2.920109|
|0.271586|
|-1.167922|
|-0.514873|
|3.684703|
|-22.904351|
|3.159374|
|-0.086595|
|-0.939005|
|-0.964601|
|-0.634082|
|0.970116|
|1.192225|
|0.902967|
|0.174266|
|1.394957|
|1.293584|
|1.749976|
|-11.378539|
|-1.191201|
|2.638486|
|-0.043971|
|2.283065|
|-0.358259|
|-2.578745|
|-3.390943|
|0.878065|
|1.227735|
|2.843304|
|-0.243561|
|1.536614|
|-243.540142|
|-2.113931|
|-0.685315|
|0.511343|
|2.089941|
|-3.637557|
|-1.754235|
|2.391752|
|0.610973|
|-0.850686|
|92.798084|
|1.040859|
|-0.768760|
|0.792580|
|-5.305039|
|0.161524|
|-0.372344|
|0.656187|
|-0.620539|
|-1.813922|
|-1.352998|
|2.859560|
|-1.577461|
|0.646277|
|1.732778|
|-0.293832|
|0.317872|
|-2.213063|
|83.463959|
|-5.798905|
|-0.348335|
|-0.338110|
|0.661028|
|0.533255|
|-14.433290|
|-0.035936|
|0.635809|
|-3.472592|
|-0.061082|
|-2.030804|
|-2.971485|
|0.403015|
|-9.026769|
|-1.099447|
|-1.471600|
|-0.581472|
|0.694740|
|0.423308|
|-2.026815|
|-0.886625|
|12.808340|
|-4.154957|
