----------Resultado-----------
|2.708166|
|5.607817|
|1.882535|
|0.906487|
|0.251892|
|4.666359|
|4.134780|
|0.898751|
|0.417121|
|2.416067|
|9.373999|
|-2.319559|
|1.446398|
|0.625326|
|-0.717023|
|-0.584187|
|0.841159|
|-1.547761|
|-0.890510|
|2.741752|
|0.396163|
|0.845501|
|-1.385577|
|-1.155738|
|0.642885|
|0.741777|
|0.906580|
|1.812607|
|0.098161|
|0.647840|
|-0.560516|
|12.697629|
|0.609158|
|-0.082723|
|3.658666|
|-1.048520|
|0.109924|
|0.830948|
|1.853426|
|1.975054|
|-0.518855|
|25.218074|
|-0.325559|
|0.758346|
|-0.470719|
|0.695367|
|1.899032|
|2.140555|
|0.677910|
|1.098099|
|1.416783|
|1.307801|
|0.444336|
|3.207980|
|0.594851|
|0.411399|
|4.307450|
|-4.214721|
|-0.166350|
|0.708335|
|-1.061268|
|-0.213479|
|7.102812|
|-0.419677|
|0.694513|
|0.194463|
|-1.572700|
|1.606575|
|2.013585|
|1.304596|
|97.034768|
|-0.343711|
|1.271773|
|26.385240|
|0.964500|
|0.749770|
|1.324731|
|0.564798|
|1.226767|
|-1.674732|
|0.322153|
|2.282634|
|9.170775|
|-0.695314|
|1.169945|
|-0.888413|
|0.851551|
|0.589424|
|0.219059|
|-5.237708|
|4.898800|
|-0.561562|
|3.249417|
|-0.707800|
|1.743776|
|-1.527986|
|0.459381|
|1.014986|
|2.327652|
|1.572650|
|1.467545|
|-0.926017|
|0.369163|
|-0.107563|
|-0.508036|
|1.436446|
|1.405631|
|4.554686|
|0.712157|
|0.587420|
|0.030787|
|0.672252|
|44.604476|
|-0.132421|
|-0.718029|
|1.786904|
|1.281507|
|0.033518|
|-7.514599|
|-0.306112|
|-4.724972|
|0.932783|
|-0.983305|
|-0.419827|
|0.847158|
|-13.833733|
|1.750114|
|-0.148411|
|2.107937|
|0.015628|
|-1.038363|
|0.534599|
|-0.548361|
|0.993678|
|1.607915|
|13.219003|
|-0.604791|
|1.231306|
|5.172104|
|8.868379|
|-1.184204|
|6.909519|
|-0.364313|
|-26.224695|
|0.827482|
|0.925549|
|0.450903|
|-0.591506|
|0.236545|
|-0.000426|
|0.508064|
|1.739135|
|-0.579006|
|4.668973|
|-0.540174|
|0.085108|
|-0.606805|
|2.179244|
|0.921522|
|1.847080|
|0.828720|
|1.684267|
|-0.352075|
|1.308923|
|4.327140|
|25.821311|
|3.099414|
|0.200181|
|2.319362|
|-0.529430|
|-0.738907|
|-2.362360|
|0.281204|
|2.350697|
|-0.285436|
|2.619777|
|-0.887291|
|2.152949|
|3.237083|
|0.312585|
|1.183315|
|-10.668856|
|3.116164|
|0.497185|
|1.981532|
|-0.668049|
|1.337292|
|0.431731|
|0.334393|
|2.350486|
|-0.094374|
|0.584039|
|0.656455|
|1.064692|
|-0.449244|
|-1.002610|
|-1.680527|
|7.911365|
|1.209962|
|-1.439330|
|12.382691|
|2.028184|
|-0.350698|
|2.174660|
|16.095542|
|2.276779|
|0.379637|
|3.074345|
|-0.110586|
|1.671738|
|-295.528568|
|-0.677965|
|-2.769566|
|-0.701316|
|1.128436|
|0.716929|
|1.234035|
|0.089060|
|1.225514|
|0.979320|
|1.093496|
|-0.119771|
|1.189419|
|1.115023|
|-0.958460|
|-0.738563|
|-3.769003|
|0.303969|
|1.115391|
|0.892887|
|-8.164104|
|-0.627763|
|31.534768|
|2.076808|
|4.700491|
|0.603045|
|-0.734611|
|1.212314|
|2.390026|
|0.593828|
|2.886578|
|1.629268|
|0.652589|
|2.052313|
|-0.907030|
|0.000355|
|1.618443|
|0.634587|
|1.219377|
|0.162012|
|0.454914|
|1.513346|
|1.340058|
|-3.082181|
|0.873298|
|-0.056685|
|1.030039|
|0.930727|
|0.394068|
|0.392148|
|-4.479236|
|2.476201|
|-0.490489|
|-0.627271|
|0.911241|
|0.504976|
|-0.951011|
|0.581406|
|-0.404274|
|-0.679124|
|19.363014|
|-0.300788|
|-1.312150|
|13.334142|
|13.445323|
|0.888321|
|0.671812|
|1.883236|
|15.769916|
|-1.025863|
|-0.361268|
|0.751512|
|-1.954277|
|-0.346767|
|1.274087|
|1.611026|
|1.277461|
|0.475826|
|3.049160|
|0.331165|
|0.313754|
|2.327559|
|0.636662|
|-0.081953|
|-0.446449|
|0.851867|
|-0.532385|
|-3.031798|
|-0.485892|
|2.060215|
|-0.223797|
|1.425529|
|1.860045|
|-0.490940|
|0.011855|
|0.301033|
|2.726840|
|3.067463|
|-0.635961|
|-0.616752|
|-0.034791|
|36.446444|
|0.814748|
|1.977595|
|1.471154|
|-1.149960|
|0.624871|
|42.461414|
|1.028696|
|-0.894241|
|0.150990|
|-0.364654|
|-0.447772|
|0.980852|
|3.511625|
|1.700964|
|2.851233|
|-0.882302|
|-610.502495|
|1.223790|
|0.896588|
|1.580243|
|3.188312|
|1.667180|
|0.627748|
|-1.059585|
|-5.353758|
|3.142221|
|1.248026|
|-0.044811|
|0.452628|
|3.092682|
|1.975867|
|-0.393346|
|-5.808464|
|0.377316|
|0.871560|
|1.256004|
|2.101112|
|-0.551823|
|0.465583|
|1.430802|
|36.040668|
|-0.557338|
|-0.330397|
|36.468972|
|0.079814|
|6.831126|
|-0.323198|
|2.115110|
|-0.498043|
|-0.625769|
|-0.489587|
|0.673268|
|-0.986736|
|0.882042|
|-0.483668|
|-0.059704|
|1.836177|
|1.242302|
|-0.245128|
|0.542483|
|0.006239|
|3.060195|
|-0.910620|
|-0.922615|
|0.656726|
|1.787400|
|0.173463|
|-0.882850|
|1.900598|
|-6.761944|
|1.149059|
|0.228736|
|40.058303|
|-0.430078|
|-0.851171|
|-0.592255|
|0.227985|
|-0.334537|
|-0.689953|
|0.256121|
|0.324668|
|-0.578839|
|0.637043|
|-1.303932|
|-0.011532|
|0.553803|
|1.069314|
|-0.360244|
|1.391635|
|-0.178580|
|13.079521|
|-1.881652|
|4.189877|
|0.681696|
|-1.197140|
|0.705669|
|-0.278908|
|-0.618231|
|0.286695|
|21.092295|
|0.196428|
|-0.773428|
|1.254936|
|-2.992026|
|1.337742|
|0.287479|
|2.295425|
|2.374258|
|-0.244186|
|-0.462669|
|3.915537|
|-0.367462|
|1.611180|
|-9.432099|
|-1.225475|
|1.455084|
|7.479261|
|0.732156|
|0.781112|
|-0.200230|
|1.641782|
|3.723867|
|3.299004|
|-2.144428|
|1.270596|
|-0.055221|
|37.303696|
|4.449151|
|0.511651|
|-0.907948|
|-0.454678|
|1.975604|
|0.613643|
|-3.735147|
|-10.767733|
|-0.871156|
|0.489160|
|-0.227720|
|18.681527|
|0.582195|
|-0.038827|
|0.491547|
|-0.520988|
|-0.610040|
|-0.554512|
|1.077137|
|5.530300|
|1.519985|
|-0.112713|
|-8.256423|
|0.277571|
|0.109170|
|1.287749|
|0.604772|
|0.115911|
|1.221906|
|-0.560686|
|2.339587|
|31.240289|
|0.397966|
|8.974406|
|1.518268|
|-1.082212|
|-14.655439|
|-0.379016|
|1.336694|
|5.755442|
|-1.238468|
|-1.865179|
|0.010798|
|0.828248|
|0.912727|
|1.944854|
|2.243694|
|-0.763857|
|10.146782|
|1.075349|
|0.673352|
|9.897378|
|1.259070|
|-1.606194|
|9.319081|
|-0.507543|
|17.896139|
|7.454538|
|0.323115|
|-5.252210|
|-2.171372|
|-1.011772|
|-0.946310|
|-0.224151|
|3.216315|
|-0.694330|
|0.332699|
|-0.563012|
|0.588697|
|2.979582|
|0.144234|
|-0.187847|
|-1.206327|
|1.576008|
|-0.527234|
|9.108555|
|-0.561247|
|0.360694|
|1.215059|
|0.610585|
|2.538846|
|-0.550683|
|0.984620|
|0.079573|
|0.509557|
|1.056923|
|-0.190871|
|5.656621|
|-0.823618|
|0.495555|
|0.652275|
|0.705653|
|1.076550|
|1.279183|
|0.473399|
|0.881225|
|-0.641579|
|-0.438335|
|-3.426651|
|-13.556588|
|-0.609098|
|0.318172|
|1.434010|
|1.108124|
|1.494254|
|0.870045|
|2.329646|
|-0.564175|
|1.615201|
|3.608744|
|3.598847|
|-0.009799|
|-0.915419|
|-0.210871|
|17.821734|
|-1.740024|
|1.885402|
|0.920816|
|-5.908710|
|-1.016367|
|-0.612007|
|1.035477|
|-1.116911|
|-0.895714|
|-0.177550|
|0.888350|
|0.585441|
|0.170069|
|-0.613710|
|1.580589|
|-0.278630|
|2.487296|
|1.598008|
|0.363627|
|-0.477684|
|-2.185579|
|-1.470257|
|3.052709|
|1.064846|
|0.217291|
|2.002563|
|1.627099|
|2.005896|
|-0.385756|
|2.728254|
|0.827671|
|2.788659|
|-4.752462|
|-0.355115|
|0.989450|
|-0.412275|
|0.328038|
|1.574906|
|1.387726|
|1.853175|
|-0.996025|
|0.473421|
|-0.116921|
|0.806763|
|-0.939356|
|2.055577|
|0.374334|
|2.258726|
|-7.326275|
|-0.790654|
|3.697783|
|10.395688|
|-1.216349|
|1.497538|
|1.540868|
|-0.124682|
|1.363108|
|-38.827833|
|0.259414|
|-0.308495|
|-1.023901|
|0.696859|
|13.500992|
|0.148151|
|0.563623|
|-0.413305|
|0.278033|
|-0.707296|
|1.039886|
|-0.450114|
|-0.051384|
|0.635615|
|3.020873|
|-0.361759|
|-0.045814|
|5.365845|
|-0.039517|
|0.872883|
|2.504407|
|0.450804|
|0.005311|
|3.075954|
|1.518072|
|1.629772|
|0.032317|
|1.781652|
|0.226300|
|2.076884|
|-0.459070|
|4.368405|
|-0.180057|
|-0.691819|
|0.253028|
|1.788739|
|0.595712|
|-0.414224|
|0.318019|
|2.412674|
|1.976024|
|-1.028829|
|0.893757|
|-1.770707|
|1.251676|
|0.621680|
|-0.543633|
|0.829196|
|-0.917042|
|-7.848242|
|0.385179|
|0.435788|
|0.093774|
|1.004602|
|0.421433|
|115.565579|
|0.357201|
|-0.649564|
|6.342127|
|0.498385|
|0.542776|
|1.087080|
|1.206969|
|4.004984|
|6.312130|
|2.700249|
|-0.946393|
|-0.826148|
|1.561020|
|1.030209|
|0.594891|
|4.854299|
|0.559044|
|1.194375|
|0.662196|
|-0.071071|
|-0.639944|
|1.633571|
|0.863681|
|-0.181391|
|0.584384|
|2.549323|
|-0.162794|
|0.689111|
|4.933764|
|1.524678|
|17.514935|
|1.038034|
|-0.248209|
|30.059329|
|2.271677|
|0.429116|
|0.611704|
|4.551192|
|-0.660186|
|0.718813|
|1.297325|
|6.766253|
|1.408647|
|1.519909|
|-0.250284|
|14.303778|
|0.650203|
|-0.720410|
|-0.723487|
|0.448432|
|-1.448184|
|-0.588543|
|0.406787|
|0.688212|
|-0.102873|
|4.711153|
|38.963337|
|0.335418|
|-0.140961|
|0.871726|
|0.282736|
|1.248567|
|-0.236169|
|2.421957|
|-2.139804|
|1.283229|
|0.339649|
|4.030885|
|50.249548|
|1.822450|
|-0.742370|
|0.214050|
|9.089205|
|-1.040617|
|10.542645|
|2.119791|
|-0.320971|
|0.398660|
|-0.024462|
|0.412994|
|-0.834459|
|3.382432|
|-1.002426|
|0.666605|
|71.481846|
|0.862243|
|12.398109|
|-1.971624|
|-1.146784|
|-1.483130|
|4.077573|
|-0.979074|
|-0.810384|
|-0.698256|
|-7.596697|
|-0.464231|
|0.507286|
|71.322590|
|6.763519|
|1.005197|
|0.999107|
|-0.148237|
|-0.297423|
|3.607646|
|1.102011|
|1.434491|
|-0.524558|
|1.849355|
|-0.444738|
|1.414184|
|0.096654|
|-0.774811|
|1.891987|
|1.916727|
|-0.279831|
|-0.155394|
|0.044076|
|-0.429951|
|-0.375282|
|1.267873|
|-6.290331|
|0.028843|
|0.522169|
|1.479387|
|-1.280524|
|-2.358505|
|0.052904|
|-0.366730|
|-1.511064|
|0.830098|
|0.927540|
|1.330861|
|1.506632|
|1.327142|
|4.620612|
|9.166072|
|0.148970|
|0.455952|
|0.037505|
|-0.188426|
|0.775307|
|2.117185|
|1.132378|
|2.487834|
|2.664623|
|0.163260|
|3.758970|
|1.313685|
|0.889689|
|0.030619|
|0.265219|
|0.060072|
|-0.529801|
|-0.836945|
|4.863096|
|-2.206473|
|0.742384|
|0.904181|
|-0.176727|
|-5.778185|
|-0.666726|
|7.276030|
|1.056000|
|-0.599942|
|-0.284494|
|-1.397440|
|-2.254188|
|5.118584|
|-3.280379|
|-0.229446|
|-0.315164|
|-0.462256|
|-0.346174|
|-5.125390|
|1.627481|
|-2.238431|
|0.887617|
|2.199000|
|1.745060|
|-10.648559|
|2.847799|
|1.392021|
|0.242907|
|-0.494437|
|717.574141|
|8.169360|
|-3.248792|
|6.710370|
|9.795443|
|0.322890|
|-2.773473|
|1.131692|
|0.993850|
|-1.536955|
|3.544376|
|1.123862|
|2.314015|
|-0.172469|
|0.428052|
|1.422399|
|2.261706|
|-0.195881|
|0.777252|
|-1.049745|
|0.360724|
|0.652039|
|1.305320|
|0.538764|
|0.123551|
|-0.591163|
|-0.328564|
|2.014028|
|1.069430|
|-1.447257|
|1.360154|
|-0.694975|
|0.452083|
|3.443733|
|1.178685|
|-0.644988|
|-2.923717|
|-0.680433|
|-0.318587|
|1.101254|
|-4.914845|
|-0.443755|
|0.558968|
|5.307158|
|1.080189|
|-2.261046|
|1.986773|
|0.239771|
|-40.492317|
|1.576452|
|-0.582344|
|-0.131112|
|1.436383|
|14.148352|
|1.195132|
|-0.305873|
|-0.415444|
|0.828079|
|0.678581|
|0.610544|
|-0.500824|
|3.107232|
|-1.031789|
|0.182384|
|1.127208|
|-0.947524|
|-0.347627|
|7.187519|
|7.419289|
|-0.487256|
|1.786321|
|2.263346|
|1.638603|
|2.795348|
|1.654260|
|2.123634|
|1.308609|
|0.405799|
|-0.278514|
|21.475677|
|2.639404|
|1.874633|
|-0.533396|
|1.020649|
|0.304090|
|-0.032987|
|-0.753526|
|1.491189|
|5.584324|
|0.280029|
|-0.641047|
|-0.569528|
|7.378392|
|-0.051051|
|154.599182|
|-7.909333|
|-1.383750|
|-1.306132|
|-1.715339|
|-0.697301|
|2.399627|
|-1.061515|
|1.654652|
|0.596849|
|-0.633073|
|0.810416|
|1.162650|
|1.510128|
|9.824950|
|13.276199|
|0.475554|
|1.796895|
|9.125104|
|-0.053057|
|-0.890171|
|0.065485|
|0.736044|
|15.673092|
|3.150774|
|14.224227|
|-0.027270|
|1.165711|
|1.632428|
|14.972455|
|-0.393803|
|1.291517|
|3.176713|
|-8.372164|
|-5.056141|
|0.258417|
|1.895994|
|1.313051|
|0.204152|
|0.471362|
|0.717944|
|0.845746|
|2.181202|
|0.981478|
|16.337324|
|4.017130|
|3.552187|
|-0.212019|
|0.992579|
|0.369207|
|0.056437|
|-0.337571|
|-2.478565|
|3.886048|
|-0.071242|
|2.922337|
|1.731113|
|-3.305163|
|-0.466710|
|0.439698|
|0.946705|
|0.519755|
|0.117797|
|0.820380|
|0.684511|
|1.796450|
|1.315861|
|-0.431888|
|1.378943|
|0.837973|
|2.012244|
|-0.025480|
|1.263937|
|0.254735|
|-0.432392|
|3.690664|
|-0.611535|
|1.342234|
|-17.997166|
|0.416463|
|6.288995|
|-0.565969|
|0.300802|
|-1.524649|
|1.302189|
|1.427336|
|-0.395237|
|-4.088398|
|-0.223417|
|0.199425|
|-0.964718|
|0.126414|
|-1.233792|
|2.053229|
|-2.734200|
|0.812119|
|0.128784|
|-0.468435|
|-0.146041|
|1.919829|
|0.944682|
|4.881119|
|-0.521644|
|-2.593132|
|-0.836085|
|0.589103|
|2.683636|
|0.260663|
|1.269691|
|-0.229157|
|140.961856|
|-0.341853|
|-0.144680|
|0.211080|
|2.670634|
|0.946254|
|0.900174|
|3.278345|
|-0.659016|
|1.622124|
|0.197860|
|1.201193|
|0.855360|
|2.085244|
|1.936282|
|-2.568668|
|10.049434|
|-0.157789|
|0.149935|
|-2.814549|
|-3.825844|
|2.496492|
|1.312799|
|-0.837080|
|1.607254|
|0.255213|
|-3.197262|
|-2.465454|
|0.410917|
|0.220150|
|5.408921|
|-0.927837|
|-1.917721|
|1.584780|
|8.683245|
|1.609865|
|0.613633|
|-1.565427|
|-0.023602|
|-0.431928|
|0.644488|
|6.080663|
|5.418461|
|1.367008|
|0.623526|
|-3.043977|
|2.163870|
|0.437670|
|-1.061663|
|0.129630|
|-1.964160|
|-0.706669|
|2.528661|
|3.154421|
|0.495970|
|1.862046|
|-0.335167|
|-0.824759|
|-2.117660|
|3.912990|
|-0.389061|
|1.839351|
|4.900405|
|1.729469|
|1.060471|
|6.633076|
|0.260010|
|4.773298|
|0.473216|
|0.628890|
|2.885040|
|4.321136|
|-0.183083|
|1.753605|
|2.659896|
|0.146625|
|0.788646|
|5.234049|
|-0.370305|
|0.795408|
|-1.960634|
|-0.411406|
|8.330133|
|2.549765|
|-0.567951|
|1.051710|
|2.376328|
|3.292767|
|-0.976204|
|3.517570|
|-0.717148|
|-1.296032|
|115.489204|
|0.310933|
|0.955256|
|0.576351|
|6.237819|
|1.096370|
|-276.708341|
|1.016767|
|0.162522|
|1.120738|
|0.010293|
|0.005261|
|-0.508056|
|-1.280860|
|-0.601028|
|0.123173|
|0.938764|
|1.549446|
|0.874749|
|0.782662|
|3.376402|
|4.487584|
|-1.318100|
|-0.422424|
|-1.162180|
|1.259063|
|1.942447|
|-0.021446|
|0.415726|
|-0.335901|
|1.822041|
|-0.955714|
|-0.657422|
|7.099196|
|0.872697|
|1.482292|
|7.984634|
|2.215411|
|1.977227|
|10.543858|
|2.819730|
|5.063007|
|-0.469602|
|-1.453132|
|1.171017|
|-1.179809|
|0.159363|
|-0.507551|
|-0.282848|
|-6.300206|
|0.884327|
|0.775849|
|1.904341|
|0.913408|
|-0.521685|
|1.167379|
|52.606082|
|-0.556170|
|1.719899|
|0.513221|
|-3.946889|
|4.572147|
|23.999266|
|-0.062096|
|1.463131|
|10.724190|
|-1.587468|
|0.121576|
|1.317805|
|-0.766755|
|0.533260|
|-0.708752|
|-0.960164|
|26.475167|
|3.147600|
|3.326380|
|-1.013971|
|0.124238|
|2.000394|
|1.227977|
|1.543092|
|-11.794330|
|-0.202954|
|3.114419|
|3.038049|
|1.604002|
|0.490031|
|0.048524|
|-0.755727|
|1.366770|
|3.208854|
|1.878099|
|0.052345|
|0.839799|
|1.911221|
|-0.502809|
|0.099595|
|2.537682|
|-1.092241|
|1.016369|
|-0.660350|
|1.396347|
|-0.497274|
|1.335346|
|-0.989528|
|-2.226245|
|1.272061|
|10.429188|
|-0.786580|
|-2.121228|
|0.540956|
|0.827670|
|-0.642852|
|25.759918|
|5.157690|
|67.629243|
|1.215935|
|0.054629|
|0.471428|
|14.008844|
|7.656137|
|0.591816|
|0.890033|
|-1.181634|
|4.089078|
|0.759474|
|-0.389005|
|-0.908745|
|1.108989|
|5.045418|
|1.329541|
|-0.478381|
|0.651456|
|3.481993|
|0.508245|
|0.752156|
|1.973213|
|0.022480|
|0.917904|
|-0.813269|
|1.297982|
|-0.558289|
|15.792791|
|-2.850981|
|4.003209|
|1.794000|
|0.019218|
|7.021757|
|2.155102|
|0.382830|
|-0.305792|
|-4.631643|
|0.576321|
|0.280815|
|-0.597417|
|-0.596485|
|0.656529|
|3.933137|
|5.279458|
|0.604376|
|1.587361|
|0.837843|
|-0.462459|
|-0.490576|
|2.876933|
|4.126977|
|1.417454|
|-0.304751|
|0.558261|
|1.138921|
|-1.038831|
|0.163041|
|-0.949283|
|-0.683345|
|7.718139|
|1.059801|
|0.559208|
|0.322740|
|-0.498460|
|1.057872|
|4.461151|
|0.706183|
|0.860152|
|1.316840|
|0.585149|
|4.778199|
|0.892847|
|-0.965632|
|0.567399|
|0.229478|
|1.570886|
|2.865856|
|-0.174067|
|-0.851292|
|-6.999723|
|-0.879267|
|0.680893|
|-0.646577|
|0.734409|
|35.963869|
|4.351245|
|3.958617|
|0.659237|
|-0.676684|
|1.062731|
|0.841836|
|0.918927|
|-0.676207|
|-0.252237|
|3.751227|
|0.031362|
|0.825203|
|22.285609|
|0.114480|
|-1.166256|
|-0.583863|
|11.024017|
|-0.698268|
|1.469588|
|1.995505|
|12.531005|
|0.354101|
|0.352490|
|4.316218|
|0.521454|
|-0.322943|
|-1.333951|
|10.898601|
|2.922573|
|2.097441|
|-3.016009|
|1.262095|
|-0.664763|
|3.631101|
|-0.157662|
|0.677998|
|10.642627|
|-0.217963|
|1.364530|
|-0.634690|
|1.179780|
|0.210980|
|1.779003|
|20.121852|
|1.671230|
|1.370529|
|-1.111694|
|1.409916|
|5.866243|
|3.877493|
|-4.482962|
|-0.441069|
|0.450261|
|2.356888|
|1.682341|
|1.476767|
|-3.407751|
|15.371198|
|1.811126|
|0.361366|
|0.061638|
|0.524106|
|1.696257|
|2.632952|
|1.131981|
|0.641268|
|0.905820|
|-0.770375|
|2.317757|
|0.876565|
|-0.304889|
|-1.141231|
|26.461217|
|0.473127|
|0.444078|
|2.155307|
|-0.879746|
|-1.157165|
|-0.534481|
|0.534121|
|-0.358442|
|1.486635|
|-0.346963|
|1.171839|
|-0.076501|
|-0.912365|
|-1.190093|
|3.908480|
|0.110711|
|0.077822|
|3.344918|
|1.628043|
|1.262911|
|-1.800708|
|1.613338|
|-4.425555|
|1.392864|
|1.143691|
|41.995302|
|1.029594|
|2.759034|
|0.455776|
|-0.722737|
|2.555490|
|-1.819838|
|3.530645|
|-7.273393|
|2.793645|
|0.145386|
|0.793406|
|1.463256|
|1.621475|
|0.677851|
|-0.673840|
|-0.021982|
|-2.425238|
|-1.057117|
|-0.618097|
|1.207194|
|-0.826948|
|0.318335|
|1.216892|
|-0.392347|
|-0.111428|
|0.170409|
|0.836592|
|-0.129170|
|-2.038664|
|-1.521491|
|0.219461|
|2.202133|
|3.346056|
|-0.044865|
|-0.301586|
|-0.267479|
|-0.660670|
|-1.728730|
|-0.551293|
|-1.224778|
|0.628009|
|5.488086|
|0.409940|
|-0.602855|
|-0.985258|
|-1.109500|
|-1.165714|
|1.161564|
|0.893909|
|-0.095569|
|1.754204|
|1.580053|
|-1.312347|
|-0.902073|
|0.012501|
|1.616412|
|1.555534|
|-0.109134|
|0.392338|
|1.665303|
|-0.559067|
|-0.413462|
|1.689074|
|0.219006|
|-4.184201|
|2.417641|
|-7.836653|
|-0.298175|
|2.925074|
|1.051760|
|0.486568|
|-27.131404|
|4.700597|
|7.699990|
|-0.419232|
|5.787045|
|17.107161|
|0.370677|
|-0.252076|
|14.580802|
|3.009020|
|0.214477|
|0.284567|
|0.272776|
|3.240504|
|1.001480|
|-0.175533|
|1.113397|
|-0.304704|
|1.138135|
|1.541565|
|0.327299|
|2.012447|
|0.916306|
|1.488300|
|0.071097|
|0.056983|
|2.730971|
|-0.389520|
|-0.662357|
|0.012365|
|0.293796|
|0.553744|
|0.353222|
|1.240655|
|-0.710374|
|-0.892113|
|0.386155|
|0.571303|
|3.389950|
|4.331164|
|1.426924|
|0.188752|
|0.793990|
|-4.209157|
|0.271294|
|-0.324204|
|4.746359|
|-0.982454|
|1.732830|
|7.123303|
|0.365866|
|0.101095|
|5.614007|
|1.033252|
|1.045225|
|-0.518870|
|1.508758|
|-0.001207|
|1.109239|
|-0.464960|
|-0.203344|
|-0.251779|
|0.317639|
|-1.736869|
|7.416345|
|-0.848958|
|0.805087|
|1.673242|
|0.299625|
|-2.260793|
|2.515949|
|47.092356|
|-0.812132|
|-1.369620|
|0.131146|
|-17.233529|
|-0.769018|
|0.950678|
|-1.653531|
|1.915579|
|0.259749|
|18.952233|
|0.104789|
|1.931031|
|1.795960|
|-0.098442|
|0.667226|
|0.259658|
|-0.104053|
|-1.148949|
|0.698080|
|-0.077790|
|0.079275|
|2.573875|
|-0.005362|
|3.583540|
|0.288451|
|0.921933|
|46.353392|
|0.328980|
|1.209828|
|11.171160|
|0.593790|
|-0.656711|
|0.834267|
|18.878855|
|0.959894|
|9.364941|
|-0.230129|
|0.380685|
|-4.699596|
|-0.374967|
|0.744276|
|19.129968|
|1.467857|
|-0.815098|
|-0.442541|
|0.517249|
|2.054450|
|2.776635|
|2.056176|
|3.608473|
|1.928191|
|6.351999|
|0.198258|
|-0.673563|
|-0.353997|
|3.635073|
|1.467220|
|2.872772|
|14.036741|
|1.920235|
|0.563782|
|0.446019|
|15.133100|
|12.199481|
|0.233256|
|1.318914|
|-0.922378|
|-0.439568|
|-0.625665|
|-0.894424|
|0.855856|
|-2.159880|
|1.001365|
|7.655734|
|0.373687|
|1.304035|
|0.367388|
|1.184895|
|-1.314068|
|1.340154|
|0.100382|
|-4.508333|
|1.225695|
|0.290457|
|1.632420|
|5.864368|
|0.331917|
|0.697930|
|-0.242438|
|0.359035|
|0.124126|
|-0.071840|
|1.313096|
|1.200525|
|5.238841|
|-0.613183|
|1.370551|
|-31.018594|
|0.046125|
|1.164478|
|4.482772|
|1.060609|
|0.595359|
|169.611318|
|1.323749|
|0.251100|
|0.089635|
|0.863660|
|-21.211007|
|-0.802810|
|1.007534|
|1.530640|
|0.558924|
|0.002466|
|-0.660819|
|-4.757693|
|1.277691|
|-0.466340|
|10.428218|
|0.364790|
|0.575799|
|1.875464|
|2.798904|
|0.960582|
|0.939600|
|1.039488|
|0.398879|
|-0.076581|
|-0.874400|
|1.230946|
|0.052484|
|2.764456|
|3.340170|
|-0.197119|
|0.232110|
|-0.150209|
|-0.194028|
|-1.091111|
|1.788965|
|2.738502|
|1.225599|
|-0.619262|
|4.079241|
|-0.804225|
|-0.782804|
|1.517804|
|0.418084|
|1.200262|
|-0.161215|
|5.064690|
|0.229963|
|2.018838|
|1.642751|
|2.444853|
|-0.791053|
|-0.300220|
|0.243863|
|3.163711|
|-0.159558|
|-0.022121|
|-1.999528|
|-0.970567|
|-0.347518|
|-0.054087|
|1.274773|
|1.978269|
|0.813027|
|23.008088|
|39.712729|
|1.441480|
|2.398815|
|-0.268826|
|0.798469|
|-0.477865|
|-3.272065|
|-0.344341|
|-0.354271|
|-0.632217|
|-0.941608|
|-0.265626|
|1.263686|
|0.874241|
|-1.036425|
|1.608299|
|-0.574941|
|3.329616|
|0.401109|
|1.685497|
|-0.761507|
|-0.058347|
|1.157994|
|-0.453674|
|0.668359|
|-1.109914|
|0.758526|
|2.042274|
|-0.287775|
|1.048488|
|0.078221|
|0.329728|
|1.551241|
|-2.207789|
|-0.003248|
|1.036903|
|-0.344455|
|1.206615|
|-1.462385|
|0.194959|
|89.806234|
|1.478630|
|6.638644|
|-14.626990|
|1.017386|
|0.544490|
|0.165520|
|3.473511|
|1.291076|
|-0.516258|
|0.246308|
|0.018353|
|4.212317|
|-0.021481|
|1.740396|
|1.702609|
|-1.243440|
|3.581330|
|-0.344438|
|0.870159|
|-0.353888|
|-0.657102|
|6.324976|
|-0.580178|
|-0.121302|
|0.615515|
|1.851682|
|1.512694|
|0.295386|
|1.362525|
|-0.715589|
|1.142335|
|1.062092|
|1.287025|
|4.331140|
|1.295994|
|0.092957|
|2.418867|
|0.522815|
|22.650419|
|0.316982|
|0.562283|
|-0.282210|
|1.451827|
|0.550080|
|-0.274593|
|12.253445|
|-0.366465|
|4.405133|
|1.341957|
|0.959442|
|-0.081090|
|2.197295|
|-1.980399|
|1.067717|
|4.246918|
|-1.257361|
|8.347470|
|1.068155|
|4.411770|
|1.940522|
|-77.787765|
|0.616383|
|1.299081|
|1.654550|
|0.243560|
|4.887930|
|0.082891|
|-0.038697|
|3.867338|
|0.173365|
|2.565099|
|0.416387|
|-1.142023|
|0.166915|
|0.955744|
|2.070684|
|6.398904|
|4.348916|
|-0.763088|
|1.292660|
|0.320664|
|0.937219|
|1.236376|
|1.727939|
|2.607779|
|0.724151|
|0.926699|
|3.953624|
|0.553750|
|0.227499|
|0.030576|
|0.486291|
|3.554521|
|-0.719782|
|0.335883|
|0.787199|
|1.307866|
|-0.249194|
|-1.379867|
|0.009759|
|0.859418|
|2.547651|
|1.060994|
|1.241498|
|0.680524|
|0.951410|
|4.779148|
|-0.079471|
|0.711955|
|1.680795|
|1.393530|
|-0.112225|
|-0.428365|
|0.882787|
|-1.003176|
|0.080185|
|-2.664426|
|-0.441324|
|-1.522020|
|-1.436125|
|-0.088621|
|0.906775|
|-4.682462|
|-4.412294|
|1.705994|
|-3.820327|
|1.756819|
|4.079983|
|-0.129887|
|-0.598777|
|0.482673|
|-0.002643|
|1.245791|
|0.372663|
|1.271019|
|-4.546521|
|1.710624|
|1.483315|
|-0.387528|
|-1.323356|
|1.436470|
|1.565421|
|13.477805|
|0.298994|
|-0.379661|
|-1.516018|
|-2.032545|
|1.656208|
|-4.048242|
|-97.825046|
|0.879161|
|0.464432|
|0.661141|
|-1.122083|
|0.714519|
|-0.717203|
|4.014630|
|1.419911|
|-0.686246|
|2.220775|
|5.052033|
|-2.790413|
|10.395873|
|0.571896|
|0.078073|
|2.217592|
|3.380617|
|-0.841148|
|0.755726|
|1.847451|
|-0.889944|
|-0.438508|
|40.206928|
|-7.630203|
|-0.537126|
|3.281494|
|0.788238|
|-2.351835|
|-0.021563|
|0.117732|
|8.361730|
|-0.208591|
|0.664124|
|0.539823|
|0.259105|
|3.514902|
|0.122694|
|3.130710|
|-0.124723|
|0.242554|
|-0.289377|
|-0.000680|
|1.154971|
|-2.573710|
|1.801975|
|0.126741|
|3.284849|
|1.118967|
|2.920132|
|13.641189|
|2.215502|
|-0.744876|
|0.491928|
|9.398006|
|0.650321|
|0.787436|
|0.680347|
|1.255673|
|-1.116308|
|0.723109|
|1.325504|
|-0.307023|
|44.868544|
|4.199199|
|5.879545|
|0.287064|
|-16.152622|
|-0.417707|
|0.071569|
|0.254597|
|3.278781|
|1.350258|
|-0.239127|
|9.570589|
|-0.802601|
|-0.642166|
|0.103511|
|1.030324|
|0.253708|
|-0.702842|
|0.683850|
|0.039708|
|-0.542341|
|0.129059|
|1.387085|
|19.379047|
|-0.405516|
|0.924032|
|1.194650|
|-0.230321|
|-0.446282|
|0.888249|
|-1.161768|
|-0.627627|
|-0.070436|
|-0.846179|
|1.359682|
|1.597784|
|0.154644|
|-0.228477|
|1.100285|
|-0.274409|
|-0.679502|
|-0.558311|
|-0.206753|
|0.130336|
|0.740271|
|1.029724|
|-0.309713|
|-0.072431|
|6.488773|
|-0.789789|
|2.134034|
|4.685972|
|-0.678485|
|0.445780|
|3.053657|
|0.346253|
|22.620112|
|-0.474679|
|-0.364832|
|-1.409770|
|-0.621385|
|1.187544|
|-0.057427|
|1.904508|
|0.868221|
|-1.730722|
|5.393349|
|1.531838|
|1.482486|
|1.533116|
|1.207637|
|-0.300201|
|8.550927|
|0.880551|
|4.406445|
|-0.615190|
|0.999638|
|-0.711595|
|4.408926|
|0.334930|
|-0.031782|
|0.992704|
|0.138379|
|0.986790|
|-0.269274|
|1.778414|
|-0.543129|
|0.397294|
|-1.205947|
|-6.212605|
|1.033611|
|-0.313256|
|8.896170|
|-54.954194|
|3.952270|
|1.188316|
|0.787623|
|-0.792483|
|8.848300|
|-0.984311|
|0.579231|
|-0.857670|
|2.432588|
|-0.570612|
|1.291322|
|0.323561|
|0.666836|
|2.234711|
|4.181965|
|-0.051147|
|0.759278|
|2.052109|
|0.832854|
|-0.374917|
|0.013758|
|0.248766|
|51.700122|
|3.404267|
|1.302851|
|2.336159|
|0.352688|
|3.221608|
|0.829786|
|1.612166|
|10.324389|
|0.956636|
|1.717788|
|1.850643|
|26.888841|
|5.713053|
|-9.431034|
|-0.350668|
|0.389842|
|-1.272451|
|0.621053|
|1.717261|
|16.445973|
|1.317686|
|-0.096823|
|54.808855|
|0.767476|
|-0.316148|
|2.544626|
|-11.001964|
|-2.519233|
|0.637956|
|-0.374657|
|2.935636|
|1.119274|
|3.976833|
|1.473064|
|2.195258|
|0.455632|
|-0.939795|
|-0.408683|
|1.069785|
|0.290258|
|7.099725|
|-0.037525|
|1.280171|
|0.108858|
|-0.150394|
|0.925366|
|-0.055978|
|-1.383871|
|9.170715|
|0.276480|
|0.716820|
|0.625753|
|-0.395157|
|1.291397|
|0.531553|
|1.991607|
|2.281011|
|0.186323|
|-2.212893|
|0.138243|
|0.224675|
|1.408132|
|-0.256038|
|1.078201|
|0.501107|
|-1.158774|
|-0.806321|
|2.470828|
|-0.847592|
|0.996337|
|-0.108933|
|7.797427|
|0.032858|
|33.092360|
|37.938224|
|0.253781|
|-1.087756|
|-3.477024|
|20.111178|
|0.244194|
|2.691102|
|-19.010618|
|-0.465062|
|0.301589|
|-0.205570|
|1.872154|
|1.469049|
|-0.546934|
|-0.873854|
|3.606559|
|-1.754422|
|0.516991|
|10.720090|
|1.183516|
|2.182902|
|0.657477|
|1.455191|
|4.394355|
|0.774363|
|0.848083|
|1.910451|
|10.683995|
|-0.073544|
|1.755344|
|-0.897642|
|-0.059654|
|-0.159699|
|0.818094|
|1.545187|
|-1.065219|
|2.927416|
|1.238474|
|5.308566|
|2.508721|
|2.485809|
|0.093605|
|7.005352|
|0.213328|
|0.627956|
|-0.875867|
|-0.290529|
|0.503577|
|-0.329315|
|-0.477580|
|0.622029|
|-0.446580|
|0.372552|
|-3.067162|
|1.395930|
|-0.011772|
|-0.847166|
|1.431234|
|-1.519031|
|-0.968768|
|1.580708|
|-0.645949|
|-4.466366|
|2.045784|
|2.072677|
|-0.532178|
|0.136169|
|0.792916|
|1.127446|
|-0.080304|
|0.387208|
|3.777212|
|-0.179719|
|2.001188|
|-0.569152|
|0.018413|
|3.031386|
|-0.512420|
|1.026673|
|1.810556|
|-0.040022|
|1.725023|
|-3.463320|
|2.517779|
|2.639941|
|3.073880|
|1.579119|
|-0.686487|
|-0.364395|
|-0.544376|
|1.368809|
|0.697377|
|0.346772|
|-0.569593|
|0.275360|
|1.004944|
|-0.868063|
|1.903509|
|1.333299|
|-0.786370|
|-0.548002|
|0.531995|
|-1.224454|
|5.024614|
|-1.116413|
|-2.401815|
|1.642151|
|0.867399|
|0.446752|
|1.865849|
|2.284788|
|1.030131|
|-0.364252|
|-0.877644|
|0.865584|
|0.968704|
|1.084558|
|-14.423665|
|0.271085|
|2.665828|
|-0.553472|
|0.022760|
|-1.039392|
|1.552986|
|7.338858|
|0.639516|
|2.506426|
|0.479291|
|1.158519|
|1.457304|
|-0.429563|
|0.813166|
|1.341888|
|1.022554|
|0.276003|
|2.256760|
|3.418343|
|5.906443|
|2.381624|
|1.150248|
|0.492800|
|-0.945693|
|1.294072|
|0.149942|
|2.319281|
|1.193876|
|1.301569|
|-0.609804|
|1.440915|
|2.353770|
|-1.117059|
|-1.615163|
|0.926888|
|-1.102934|
|0.782291|
|-0.689721|
|-0.321270|
|1.609466|
|1.638978|
|-2.560987|
|1.952169|
|1.202468|
|1.411774|
|-0.438077|
|-0.208539|
|-0.874052|
|-0.382756|
|-0.986904|
|1.978209|
|-0.644008|
|1.152152|
|2.116430|
|-0.218623|
|0.077292|
|-0.579225|
|0.489824|
|1.227876|
|0.203501|
|0.848685|
|5.087306|
|2.252131|
|18.155895|
|0.728168|
|0.553469|
|0.785466|
|3.484314|
|0.306075|
|-1.427135|
|0.153751|
|-1.656051|
|1.309155|
|2.133878|
|1.320692|
|-2.444949|
|-0.122580|
|1.563453|
|0.470402|
|-0.098559|
|0.329714|
|0.327613|
|1.448036|
|3.958646|
|0.329821|
|110.330203|
|1.412481|
|0.719720|
|1.132646|
|-4.528834|
|4.952831|
|-0.585309|
|6.450729|
|1.102268|
|1.862973|
|-1.786880|
|1.929540|
|6.735300|
|0.223199|
|0.937979|
|0.034579|
|-0.336193|
|1.205606|
|0.551075|
|1.920196|
|-0.240021|
|0.740170|
|2.665860|
|-1.339120|
|4.119878|
|0.466529|
|1.425310|
|5.291600|
|0.045545|
|0.443189|
|0.451079|
|0.011753|
|1.303589|
|-0.073513|
|44.436445|
|5.894496|
|1.273114|
|24.127758|
|2.190803|
|4.808003|
|0.697349|
|-0.781013|
|0.165766|
|4.965702|
|-0.532840|
|-1.241353|
|-1.694088|
|3.932751|
|1.522381|
|0.419989|
|4.412952|
|0.211549|
|0.612463|
|-0.247646|
|1.050035|
|69.444730|
|0.767116|
|2.396832|
|-0.637646|
|-0.178824|
|-0.388604|
|0.035241|
|-1.451215|
|1.416894|
|-2.967757|
|1.524913|
|-0.243011|
|-0.419789|
|-0.891231|
|0.301626|
|-1.774351|
|0.511894|
|-0.318344|
|0.420606|
|0.037638|
|15.795312|
|2.458717|
|-0.294953|
|-0.841247|
|-1.762566|
|-0.060824|
|16.781066|
|-0.589131|
|-0.882541|
|1.064364|
|1.583256|
|1.119180|
|-0.508947|
|0.056783|
|0.463129|
|1.478485|
|1.693314|
|1.337588|
|1.750818|
|1.444463|
|-0.111241|
|0.873938|
|4.527594|
|2.442132|
|-0.700218|
|17.118112|
|1.290351|
|1.440622|
|-1.617001|
|2.567863|
|-1.160799|
|3.767521|
|-0.409920|
|-1.307268|
|10.790688|
|1.162683|
|-0.901700|
|9.400818|
|-0.252705|
|0.804165|
|-0.339900|
|0.072392|
|-0.337083|
|1.837733|
|0.464905|
|-0.226948|
|0.580087|
|0.552469|
|0.748924|
|0.850261|
|0.943137|
|-1.273736|
|-6.567059|
|-2.934497|
|1.100793|
|3.414643|
|0.516712|
|0.869311|
|0.210258|
|2.795645|
|-3.329258|
|-0.306188|
|1.294006|
|-0.286037|
|-0.314567|
|-0.560617|
|-0.967645|
|-0.157417|
|0.522246|
|0.587527|
|0.710149|
|-0.189501|
|-36.560287|
|0.500087|
|-2.073086|
|2.061282|
|1.350245|
|4.010943|
|-0.107561|
|10.984766|
|1.353925|
|-2.073857|
|-0.814689|
|0.636328|
|-8.152253|
|1.688522|
|0.995150|
|0.035532|
|0.458318|
|1.295639|
|1.124262|
|1.700939|
|0.716479|
|0.299500|
|12.478743|
|-0.063179|
|14.991322|
|-0.828471|
|1.492704|
|8.567904|
|0.079963|
|1.052349|
|-0.959777|
|-1.900589|
|2.341144|
|1046.168062|
|2.185092|
|-0.873184|
|-0.208996|
|1.145320|
|8.738903|
|-0.186587|
|-0.290624|
|1.624681|
|-37.049370|
|0.682075|
|-3.899912|
|15.930928|
|-0.742025|
|1.624336|
|-0.375695|
|-0.529434|
|-0.185513|
|14.648385|
|1.081813|
|-0.312294|
|-0.747774|
|-1.380947|
|1.611249|
|0.876489|
|-0.090682|
|1.420282|
|1.090959|
|1.886761|
|1.642579|
|0.479871|
|0.021827|
|-0.335108|
|-0.254748|
|0.470153|
|0.773959|
|2.052233|
|-1.848983|
|3.926654|
|-0.238647|
|0.451230|
|-0.315512|
|0.447442|
|1.898689|
|0.456067|
|-0.630286|
|0.883738|
|1.225305|
|1.169185|
|1.244637|
|1.066650|
|-0.562220|
|0.825078|
|0.167514|
|2.205385|
|4.703291|
|0.405200|
|0.046167|
|-0.119426|
|0.037081|
|6.276228|
|-0.452473|
|-0.633736|
|1.361752|
|-1.094623|
|0.019942|
|4.326383|
|1.558189|
|0.311851|
|-0.091047|
|1.714739|
|12.427608|
|-0.186939|
|0.775344|
|0.250754|
|0.477426|
|-1.745366|
|4.520885|
|1.085951|
|0.691600|
|-0.471974|
|0.995849|
|1.910956|
|0.478649|
|-0.027563|
|-0.104236|
|0.510313|
|-1.303792|
|23.038139|
|1.611998|
|2.695949|
|-0.220091|
|1.586619|
|0.066723|
|0.564141|
|10.044800|
|1.217250|
|-1.482520|
|1.478745|
|1.420911|
|24.740201|
|-0.688568|
|0.342293|
|1.314040|
|-0.567188|
|-0.214888|
|-0.671136|
|57.503273|
|0.153573|
|25.604266|
|0.088333|
|1.218619|
|-1.881066|
|4.295424|
|0.163758|
|1.392982|
|1.198881|
|-1.172851|
|0.262025|
|1.309613|
|6.724312|
|-0.026009|
|0.340865|
|3.119125|
|-0.696469|
|1.055541|
|0.667606|
|-0.885238|
|11.273971|
|2.879750|
|-0.386344|
|-0.360856|
|0.394646|
|0.143529|
|-0.385938|
|0.810756|
|1.591032|
|-0.618045|
|1.200756|
|1.215031|
|-0.007511|
|-14.540847|
|1.835808|
|-0.991286|
|5.055714|
|1.528156|
|0.263722|
|0.875696|
|0.439966|
|1.699401|
|3.696915|
|0.588626|
|-0.883280|
|0.817912|
|-5.945955|
|1.095271|
|-0.283306|
|-3.899726|
|0.547634|
|1.322365|
|-1.132913|
|5.640420|
|-0.672550|
|0.226854|
|0.188051|
|0.341115|
|1.868620|
|3.605495|
|0.462950|
|12.501174|
|-2.498299|
|1.111301|
|0.706539|
|2.859251|
|8.382642|
|1.109304|
|-0.298682|
|-0.558018|
|-1.152332|
|-0.476956|
|0.078181|
|3.498675|
|-0.543400|
|1.380356|
|1.342715|
|-0.495365|
|-0.456839|
|1.407660|
|10.661678|
|7.319974|
|-1.727419|
|0.847206|
|1.067421|
|128.984666|
|-0.146613|
|0.266485|
|12.799060|
|-0.546300|
|1.923510|
|1.216483|
|1.626083|
|2.176652|
|-0.363918|
|1.220337|
|40.118877|
|-0.039937|
|0.404449|
|-5.645260|
|1.242281|
|-0.398625|
|1.953918|
|-1.337334|
|-0.703227|
|0.280961|
|1.200654|
|1.618769|
|0.360384|
|2.004674|
|0.061043|
|-0.129214|
|1.241875|
|1.421619|
|1.520917|
|0.367633|
|181.564769|
|7.797104|
|-6.206570|
|-29.552389|
|1.231888|
|-0.654760|
|2.361403|
|-0.725106|
|1.095960|
|24.841636|
|-0.292101|
|2.138444|
|-0.507132|
|-0.199713|
|1.197586|
|-0.266402|
|2.374103|
|4.570479|
|1.128381|
|0.790533|
|1.131286|
|-0.070270|
|-1.562003|
|0.166570|
|5.482199|
|1.078236|
|10.093230|
|1.109097|
|0.317838|
|-9.919592|
|-0.656893|
|-0.660728|
|3.183178|
|0.385534|
|2.028969|
|0.362650|
|-0.224134|
|1.348118|
|4.498158|
|2.450724|
|1.256888|
|0.220077|
|1.033873|
|-0.367602|
|0.241956|
|0.689204|
|2.036271|
|1.002540|
|2.492480|
|-7.718477|
|1.650885|
|0.296025|
|1.651940|
|3.070599|
|2.429944|
|0.508804|
|4.158378|
|1.150475|
|1.777785|
|-1.990946|
|1.762523|
|-38.027872|
|1.232417|
|1.456382|
|3.510086|
|0.981085|
|0.818809|
|-0.395985|
|-22.062234|
|8.532692|
|1.064423|
|1.205194|
|-0.347871|
|-0.292043|
|-1.366655|
|-0.358708|
|-0.567104|
|4.007789|
|1.476647|
|1.179386|
|2.685034|
|0.820615|
|-0.144974|
|1.498940|
|1.763908|
|-0.335868|
|0.342494|
|0.879240|
|0.594673|
|8.478760|
|-0.707750|
|1.857971|
|0.238905|
|0.153941|
|0.583672|
|0.875623|
|4.598267|
|0.975759|
|0.899456|
|-1.012839|
|7.627276|
|-0.990076|
|1.214371|
|0.825499|
|0.339458|
|-0.635709|
|2.144973|
|0.678444|
|3.165827|
|0.244420|
|-0.896571|
|4.259297|
|0.278455|
|0.639685|
|15.946394|
|10.143506|
|-1.526734|
|15.951267|
|-0.621167|
|2.033660|
|3.992542|
|-1.293097|
|0.111673|
|-2.037282|
|0.116812|
|1.116138|
|-139.328392|
|4.341119|
|-0.354068|
|1.660409|
|-1.665174|
|1046.215062|
|-0.782796|
|0.269744|
|-2.814536|
|2.659216|
|0.628715|
|1.591179|
|-1.165943|
|1.135425|
|1.570486|
|8.600675|
|8.042811|
|2.324726|
|-0.610646|
|0.953371|
|-0.726745|
|-0.424514|
|0.726582|
|1.317554|
|1.755424|
|-1.002746|
|1.844275|
|-0.537972|
|-0.163071|
|-18.212559|
|0.046724|
|0.562103|
|1.052774|
|-0.758609|
|1.702623|
|1.300242|
|-3.105445|
|0.546433|
|1.381131|
|0.954358|
|1.439792|
|1.594321|
|24.423802|
|11.025743|
|3.807939|
|5.522020|
|1.572323|
|-1.030081|
|1.060406|
|-0.971183|
|3.563233|
|0.122904|
|1.039366|
|0.895850|
|0.231527|
|1.243171|
|0.336132|
|1.161133|
|2.981362|
|-0.450556|
|-1.081088|
|0.442524|
|1.078481|
|0.687247|
|2.225905|
|1.072119|
|1.163936|
|3.034421|
|-4.389615|
|-0.821084|
|5.317652|
|9.821911|
|1.094641|
|0.049550|
|0.569290|
|-0.672702|
|2.857666|
|-0.402444|
|0.346935|
|0.575049|
|-0.468877|
|-0.709013|
|-2.151913|
|2.145250|
|-0.450106|
|1.801216|
|-20.294840|
|1.056913|
|-0.296268|
|-0.579126|
|-0.546260|
|1.518550|
|0.904975|
|2.354105|
|34.266408|
|14.004907|
|1.456394|
|-0.010264|
|0.426797|
|0.176401|
|-0.503367|
|1.706115|
|0.073159|
|1.217188|
|2.566589|
|-0.562567|
|3.235429|
|0.568986|
|0.315933|
|1.937706|
|1.081461|
|-1.247243|
|2.409854|
|-0.733576|
|0.047960|
|2.870801|
|2.734649|
|1.422291|
|1.293755|
|0.121760|
|-0.140334|
|1.309662|
|-0.326753|
|0.080493|
|4.506985|
|-0.834561|
|-0.640041|
|-0.760602|
|0.510015|
|-0.252592|
|1.240750|
|0.160280|
|1.721102|
|-3.307023|
|6.820879|
|0.858714|
|-3.857828|
|-0.078637|
|0.123370|
|0.404113|
|3.436084|
|1.127160|
|0.404189|
|1.915465|
|3.442002|
|-1.046406|
|0.495441|
|2.461176|
|25.156962|
|-9.954232|
|1.273712|
|-0.852861|
|1.285952|
|-3.251196|
|0.560775|
|1.815462|
|0.631149|
|-4.982080|
|1.587229|
|-0.736231|
|-0.916434|
|0.803281|
|2.682336|
|1.061377|
|1.292538|
|0.527652|
|0.393328|
|-0.428302|
|-8.382999|
|2.503374|
|1.004548|
|0.367558|
|0.752800|
|0.339643|
|680.027606|
|0.571896|
|1.509818|
|-1.169422|
|-0.325832|
|0.296424|
|5.975798|
|-0.374171|
|0.987655|
|-0.649675|
|0.920232|
|-0.061686|
|-0.672290|
|-0.099923|
|0.362980|
|-2.874003|
|-0.355542|
|-0.648770|
|-0.689578|
|0.869892|
|2.279649|
|-0.179771|
|0.581090|
|3.458175|
|0.221580|
|-1.123226|
|3.843391|
|1.276772|
|0.267989|
|4.581041|
|7.454539|
|2.860584|
|-0.291830|
|4.077239|
|-2.318775|
|4.422315|
|0.894374|
|1.861463|
|-0.258697|
|0.983881|
|157.959441|
|-10.364632|
|1.479645|
|1.169294|
|7.917934|
|31.746885|
|0.012515|
|1.889999|
|85.028468|
|1.310941|
|-0.205376|
|-2.820948|
|0.103765|
|-1.510980|
|4.340032|
|17.889070|
|-0.720724|
|-1.077158|
|0.113920|
|13.760309|
|5.609721|
|0.284136|
|0.551028|
|-0.353661|
|5.307328|
|0.514487|
|0.589024|
|2.954072|
|-1.168707|
|0.573358|
|2.160641|
|6.750283|
|-0.333149|
|0.350923|
|0.067496|
|0.130171|
|1.525526|
|3.949502|
|-0.306565|
|2.123349|
|0.222589|
|-1.607491|
|-9.661309|
|0.147433|
|-8.440290|
|-0.328506|
|-0.830480|
|-1.397923|
|0.829722|
|-0.626316|
|507.293233|
|62.086334|
|0.555981|
|-1.875400|
|-0.690349|
|0.768684|
|470.510728|
|1.175824|
|0.762091|
|0.075140|
|0.862849|
|1.292921|
|-1.395466|
|1.257538|
|-7.172983|
|0.392480|
|-0.565963|
|0.593889|
|0.517072|
|-0.925740|
|22.041934|
|-1.126880|
|0.022245|
|0.513220|
|2.145028|
|0.876238|
|-0.047335|
|0.542031|
|1.164552|
|6.567444|
|0.367598|
|-0.362629|
|0.202961|
|-0.383276|
|-1.749099|
|2.451863|
|-3.685919|
|-0.396680|
|1.282478|
|1.826173|
|0.817207|
|0.415785|
|3.360306|
|0.698541|
|19.145756|
|0.691390|
|3.115893|
|0.048718|
|0.768310|
|-0.178995|
|0.381410|
|-0.615214|
|0.007918|
|4.053699|
|3.495951|
|0.327256|
|18.755441|
|1.558108|
|2.357831|
|50.726032|
|12.578729|
|7.008191|
|2.091659|
|13.368512|
|5.063889|
|-0.649649|
|0.270853|
|1.615712|
|-1.555040|
|2.414815|
|-0.871056|
|0.188853|
|1.627430|
|0.699943|
|-0.443293|
|1.864933|
|-0.843363|
|-0.144404|
|-26.915940|
|1.385732|
|-0.574250|
|3.958736|
|2.226458|
|-0.380134|
|1.019758|
|1.817445|
|10.043617|
|7.508289|
|0.497668|
|0.904029|
|6.888246|
|0.952886|
|0.260318|
|3.426326|
|2.514155|
|-0.656697|
|-5.478923|
|-0.670089|
|0.112884|
|0.917374|
|4.618613|
|0.364843|
|0.614596|
|0.445043|
|2.018518|
|3.344624|
|68.625389|
|-1.433827|
|1.217626|
|0.091773|
|1.531142|
|9.827519|
|0.686774|
|0.279345|
|6.690613|
|-0.577726|
|-0.026643|
|-0.005739|
|1.956641|
|0.795771|
|-1.444033|
|1.008453|
|0.775668|
|-2.202080|
|-0.329041|
|1.408035|
|-8.327495|
|1.191260|
|-0.647703|
|0.265786|
|1.687958|
|8.116174|
|2.153064|
|-1.020017|
|-1.300649|
|0.490897|
|29.137655|
|-0.193571|
|0.049446|
|1.520774|
|-1.847853|
|0.712436|
|-0.352315|
|-0.385829|
|-0.834181|
|-0.681819|
|1.836852|
|0.243027|
|1.515061|
|1.838805|
|-0.180855|
|-0.217353|
|-0.952851|
|0.915969|
|-0.135583|
|1.131759|
|0.988843|
|3.935734|
|2.807126|
|-0.078108|
|0.626379|
|-0.156993|
|-0.587316|
|3.113443|
|-0.599297|
|-1.127195|
|4.614723|
|3.248035|
|-0.327671|
|-2.658544|
|1.587555|
|1.386774|
|5.120162|
|26.498850|
|-3.238379|
|-0.890831|
|0.909326|
|-0.564073|
|1.481998|
|3.227754|
|0.218533|
|8.741279|
|0.272413|
|-7.638983|
|0.766028|
|-0.041338|
|2.556244|
|1.436337|
|1.047276|
|-0.476716|
|0.121146|
|1.264302|
|2.116779|
|0.266284|
|-0.587647|
|0.824386|
|1.242475|
|0.958908|
|8.439038|
|0.598352|
|-0.151459|
|0.544057|
|1.339231|
|0.558902|
|0.051945|
|0.323423|
|-0.439851|
|55.510841|
|0.369675|
|0.636039|
|0.163692|
|1.784991|
|1.823831|
|-0.115063|
|-0.941830|
|1.578167|
|1.161211|
|1.932331|
|0.042597|
|0.231107|
|0.234522|
|1.223697|
|-0.369971|
|-0.767962|
|-0.573559|
|1.011874|
|34.823737|
|0.494198|
|1.846727|
|-0.812408|
|1.044697|
|1.023926|
|1.252313|
|2.822583|
|0.308238|
|2.395919|
|-0.594973|
|0.727697|
|1.738808|
|-7.552844|
|0.273447|
|0.904674|
|1.301945|
|3.694536|
|1.331443|
|-1.961393|
|-2.385067|
|-2.322348|
|-0.071962|
|2.174625|
|2.749656|
|-1.400536|
|2.296036|
|1.562129|
|0.642207|
|-2.091707|
|2.065775|
|13.427084|
|1.149790|
|0.936065|
|-3.755018|
|4.094877|
|2.408186|
|10.391865|
|1.142382|
|-0.497807|
|-0.536517|
|2.207286|
|-2.891097|
|13.804771|
|-0.829095|
|-1.067814|
|0.802339|
|0.957236|
|1.450729|
|-0.589958|
|1.556404|
|0.475307|
|2.144088|
|1.199464|
|1.982439|
|0.306347|
|3.137517|
|1.433947|
|0.591961|
|0.273311|
|2.381889|
|1.780237|
|1.054642|
|-0.961538|
|-3.399774|
|-0.738069|
|0.439803|
|-0.763922|
|1.090171|
|-1.030955|
|0.882746|
|1.664824|
|1.045187|
|-0.632293|
|1.239781|
|-0.100636|
|1.702948|
|-3.649030|
|1.487520|
|0.181267|
|0.072278|
|2.129930|
|21.169439|
|0.001935|
|29.496589|
|0.120224|
|1.072586|
|0.456368|
|0.969019|
|1.454304|
|17.574688|
|0.966262|
|-0.838568|
|1.302926|
|0.964516|
|-5.435612|
|-1.253023|
|1.172775|
|0.281096|
|0.705538|
|9.626123|
|6.253074|
|0.256723|
|1.871730|
|0.252164|
|1.339076|
|2.604093|
|-1.868975|
|-2.322726|
|0.191909|
|-0.364845|
|1.610193|
|5.043590|
|12.143549|
|0.898118|
|2.890236|
|-0.614330|
|-1.671656|
|0.129559|
|1.857292|
|1.850380|
|0.921552|
|0.368511|
|0.631693|
|2.235109|
|0.081761|
|0.765574|
|0.747211|
|0.304640|
|-0.732712|
|1.124147|
|0.172965|
|15.180606|
|3.034635|
|0.997091|
|1.591523|
|-1.763695|
|0.266712|
|1.299775|
|5.084972|
|1.704357|
|1.561491|
|0.629899|
|-0.633479|
|-0.141364|
|0.759735|
|0.008813|
|-0.754357|
|0.154139|
|9.327462|
|-0.954902|
|-3.402752|
|1.510382|
|0.276105|
|-0.585058|
|0.711286|
|-29.846143|
|-0.406788|
|0.933198|
|-0.916011|
|0.234401|
|1.060353|
|0.722756|
|1.216689|
|0.920664|
|-3.491617|
|8.135129|
|7.545656|
|0.402379|
|10.269223|
|1.916290|
|0.500167|
|-0.709059|
|0.139106|
|-2.206979|
|-0.655418|
|0.035163|
|-0.682369|
|1.439683|
|0.785835|
|0.936059|
|0.015399|
|6.322347|
|-1.007741|
|0.872572|
|-0.501527|
|4.349460|
|-0.389958|
|-0.609684|
|2.848024|
|0.943123|
|0.020563|
|0.191308|
|9.995884|
|-0.063220|
|2.045350|
|-4.497705|
|1.150069|
|2.608401|
|-1.100938|
|1.529362|
|-0.946878|
|-1.197933|
|0.977852|
|0.782965|
|0.829133|
|2.063137|
|-0.143888|
|5.786121|
|1.758768|
|0.087679|
|1.921197|
|6.159941|
|-0.059655|
|0.918941|
|0.586740|
|-0.100691|
|-1.111575|
|-12.794823|
|-1.020151|
|1.197298|
|2.430164|
|0.867402|
|-0.234935|
|1.329808|
|1.179088|
|1.115638|
|0.895517|
|8.265472|
|3.674359|
|-1.609818|
|0.370374|
|-0.480328|
|3.487789|
|0.959847|
|-2.453643|
|-0.354484|
|0.970594|
|16.959920|
|-0.390870|
|0.349344|
|-0.506369|
|0.925247|
|-0.165112|
|2.697633|
|0.096481|
|0.661150|
|1.708129|
|-0.548941|
|4.581329|
|-1.014783|
|-3.485233|
|0.628316|
|0.607700|
|-16.221741|
|8.980732|
|3.260841|
|3.909126|
|-0.885505|
|-0.614827|
|-1.120532|
|-3.223653|
|0.187916|
|-0.887384|
|32.565013|
|14.650071|
|-2.589054|
|3.301529|
|20.534736|
|0.220006|
|-0.848056|
|2.766374|
|-2.795811|
|186.606238|
|25.698578|
|0.208172|
|-0.581331|
|-0.160204|
|-3.822307|
|0.868378|
|-2.097750|
|5.480651|
|2.450285|
|1.955165|
|18.268556|
|0.603497|
|2.008912|
|0.563876|
|0.407714|
|2.388327|
|11.899298|
|-1.916555|
|1.119845|
|5.294203|
|0.260494|
|-0.235799|
|1.909117|
|1.018266|
|-0.438470|
|-2.060708|
|-0.455474|
|2.731336|
|1.185336|
|-1.247708|
|-0.078357|
|1.257221|
|6.118673|
|0.242224|
|0.451584|
|-0.628312|
|1.209445|
|19.546524|
|-0.092313|
|0.332239|
|0.480732|
|0.975190|
|-5.316079|
|-0.163838|
|-0.583741|
|28.905140|
|78.421535|
|-0.929907|
|-0.584121|
|1.261451|
|-0.122563|
|1.189082|
|0.648862|
|-0.797473|
|2.698232|
|-1.167856|
|-1.665385|
|7.925847|
|-2.913793|
|1.486168|
|0.393463|
|-1.013421|
|2.266372|
|62.127669|
|0.331932|
|-0.566749|
|-0.509715|
|-0.159918|
|0.465521|
|-1.507365|
|1.535985|
|2.399452|
|0.194211|
|3.051662|
|6.569699|
|1.865125|
|2.255910|
|-0.301626|
|0.951975|
|-0.554975|
|1.773464|
|4.753866|
|2.174534|
|2.682098|
|0.620870|
|-0.174153|
|-0.778699|
|-0.756993|
|0.263733|
|17.926310|
|2.441451|
|-0.689029|
|-0.239042|
|0.166608|
|-0.037854|
|-0.545156|
|-2.619484|
|0.890788|
|-1.200903|
|2.319495|
|-2.189154|
|0.451343|
|-0.308029|
|0.391332|
|1.218480|
|2.844234|
|0.127035|
|5.865903|
|-1.256942|
|-0.656508|
|1.206113|
|-0.805552|
|1.022799|
|-0.744926|
|-0.067750|
|0.413487|
|1.364876|
|-0.908156|
|-0.803261|
|0.043857|
|19.647495|
|-0.012258|
|-0.594396|
|0.720907|
|-0.639390|
|0.244385|
|1.706958|
|0.123888|
|7.791013|
|0.925298|
|2.329274|
|0.716214|
|-9.813572|
|1.632806|
|0.823760|
|0.633690|
|-0.407885|
|0.165792|
|1.466958|
|2.330538|
|0.539459|
|3.616922|
|0.286304|
|-0.082102|
|0.757544|
|2.918779|
|0.764114|
|4.559363|
|-0.243381|
|6.479526|
|1.846245|
|7.744187|
|1.119728|
|2.206757|
|-0.327479|
|-0.601780|
|0.644626|
|2.271796|
|-0.670458|
|0.597331|
|1.311683|
|-0.723123|
|10.339420|
|1.477489|
|-0.750629|
|0.525730|
|3.174356|
|0.144425|
|-0.030824|
|2.282129|
|0.397930|
|2.212648|
|8.629973|
|17.527348|
|-0.591479|
|0.867877|
|0.426281|
|3.336271|
|0.689179|
|-1.546686|
|9.808166|
|1.089852|
|1.141970|
|2.757924|
|0.955730|
|0.883611|
|1.556278|
|3.380245|
|0.984238|
|1.414551|
|0.215241|
|2.458270|
|1.223788|
|-2.927750|
|0.187811|
|1.292489|
|-114.842571|
|2.062022|
|0.096747|
|0.478397|
|-0.291027|
|-0.427548|
|-0.550471|
|3.443256|
|-0.278654|
|1.108567|
|-0.548020|
|-0.767199|
|0.715399|
|-0.560970|
|4.862600|
|-0.977735|
|0.826972|
|15.084947|
|0.227992|
|1.267511|
|1.178530|
|1.814215|
|2.194735|
|1.154964|
|0.387136|
|0.149629|
|-0.241696|
|-0.027539|
|2.476856|
|-0.432458|
|2.194343|
|-0.285622|
|0.722206|
|1.115947|
|8.765050|
|-7.871498|
|0.237296|
|1.070521|
|-0.257146|
|0.693272|
|0.466496|
|2.120104|
|6.290372|
|-1.066395|
|2.273890|
|2.094043|
|1.421330|
|1.359937|
|2.158073|
|1.182206|
|3.960696|
|-0.131813|
|-0.643953|
|2.752929|
|1.048379|
|-1.977778|
|5.772744|
|0.468342|
|5.230600|
|3.775127|
|0.519980|
|0.998403|
|0.255064|
|3.755338|
|0.912449|
|2.129263|
|-2.797931|
|-2.674325|
|-1.623556|
|0.373204|
|0.089407|
|1.232432|
|1.744800|
|6.605850|
|-0.530754|
|1.630142|
|-1.089765|
|1.006978|
|0.880487|
|10.273701|
|-16.635257|
|3.364305|
|-0.612603|
|-0.589098|
|-0.734486|
|-1.522359|
|0.175515|
|0.105437|
|1.629646|
|1.810857|
|-0.830081|
|0.819367|
|-0.040871|
|0.164321|
|4.538901|
|1.391275|
|1.137154|
|1.972629|
|5.510499|
|1.553843|
|0.397869|
|-0.087147|
|-0.001911|
|1.391476|
|0.561526|
Time:9.533642
