----------Resultado-----------
|-28.467419|
|-6.315737|
|-18.246705|
|-21.571607|
|64.233683|
|-11.784983|
|-20.713216|
|-46.509482|
|4.187353|
|-10.840674|
|-31.110097|
|-26.343463|
|-41.840327|
|-206.206494|
|16.612689|
|-6.084631|
|-41.471447|
|-22.330673|
|-149.086422|
|-2.733923|
|-32.974752|
|-13.704135|
|22.149367|
|15.012377|
|-8.167188|
|-894.983181|
|-30.661066|
|-6.196887|
|5.729289|
|-510.062455|
|-25.721167|
|13.185880|
|2.722127|
|-24.807622|
|-76.436734|
|2.497354|
|-31.718851|
|3.091661|
|-48.502985|
|-1.701487|
|-27.623403|
|-70.247737|
|-67.798744|
|-60.968158|
|-42.286635|
|-38.440821|
|78.259747|
|104.351263|
|-117.856167|
|-54.033594|
|-82.941860|
|-11.015742|
|-134.733273|
|-63.956712|
|-51.446967|
|-45.895209|
|-66.694099|
|-13.526243|
|-68.305448|
|-2.963677|
|-10.977122|
|14.659642|
|-162.062120|
|-144.796543|
|-3.698183|
|-45.481875|
|-26.147566|
|-90.098227|
|-465.155090|
|4.738908|
|4.633829|
|-389.554070|
|0.743803|
|-18.041571|
|20.967209|
|-8.274035|
|-112.224936|
|-31.539534|
|-164.077786|
|5.554181|
|-37.524476|
|-34.982221|
|-32.487010|
|-2.931977|
|-42.699110|
|21.699606|
|-6.464122|
|-16.469281|
|-68.869367|
|-16.076468|
|-14.570162|
|-30.011876|
|-4.450490|
|40.366088|
|-81.720362|
|-35.728953|
|-38.823991|
|-1.242319|
|-9.073637|
|-0.168705|
|-44.263511|
|-12.406288|
|-62.736610|
|-130.193679|
|-183.837167|
|-10.030642|
|-15.800847|
|-62.056464|
|44.760549|
|-31.201110|
|-103.284755|
|2.415001|
|-34.074553|
|-12.990615|
|-556.667611|
|-48.111488|
|-3.121977|
|1.675397|
|-6.841970|
|-47.885745|
|-8.907075|
|-13.647312|
|-50.548327|
|-37.512900|
|-13.687814|
|-57.129829|
|-16.361444|
|-4.906360|
|-34.887019|
|-42.322587|
|-5366.614643|
|-1.233891|
|12.158425|
|-83.430457|
|0.424212|
|80.593934|
|-74.171877|
|-43.938157|
|43.182209|
|-55.438842|
|-27.022406|
|48634.387854|
|-8.409402|
|7.877777|
|-55.024670|
|-198.297291|
|-29.889110|
|-54.872326|
|-11.984265|
|-25.012922|
|-29.762064|
|-107.500734|
|-72.092453|
|27.488715|
|8.685716|
|-36.625253|
|-32.946933|
|-74.154264|
|41.913613|
|-24.494245|
|-45.698647|
|-43.067755|
|-93.851191|
|-113.117231|
|-38.419719|
|-34.842289|
|-88.342233|
|-46.401833|
|-1.860772|
|-1.842542|
|-36.888736|
|-6.579630|
|-17.239039|
|20.268030|
|12.705682|
|-17.887046|
|8.676404|
|-76.533008|
|-19.589359|
|-25.326894|
|-103.052916|
|-18.615292|
|43.437643|
|-22.613774|
|-83.803483|
|-27.733175|
|3.226099|
|-52.488045|
|34.539513|
|29.131325|
|-40.793590|
|-64.490765|
|-7.895654|
|-67.047617|
|-44.502272|
|-30.695484|
|-57.915928|
|-94.756596|
|-37.635068|
|-17.855765|
|-455.561330|
|-13.203003|
|-10.568339|
|-45.554320|
|-86.943995|
|-19.068267|
|7.833745|
|-9.476068|
|-48.136897|
|-184.730338|
|-3.910194|
|18.064575|
|-11.687948|
|-50.260256|
|15.185512|
|-19.613360|
|-24.366104|
|-135.414123|
|-276.049869|
|-26.309564|
|-20.769399|
|3.949419|
|-701.005016|
|-47.577604|
|-5.362242|
|-17.901589|
|-36.975483|
|33.690363|
|5.674985|
|-852.258631|
|-70.739088|
|-98.250727|
|-16.422792|
|-460.812089|
|-14.591021|
|-6.342740|
|-114.039817|
|-168.958355|
|-21.781719|
|-35.457910|
|-62.346515|
|0.067251|
|-54.737454|
|-3.073225|
|-20.055519|
|-43.712238|
|-121.958996|
|1.281558|
|-30.152891|
|9.379496|
|325.264645|
|3.856931|
|-14.448111|
|105.113216|
|-18.033825|
|-39.310188|
|-34.056918|
|-68.587817|
|-52.186414|
|-3.534073|
|0.327248|
|-37.615533|
|12.072098|
|-12.126612|
|13.173328|
|-33.456034|
|-57.896397|
|127.448127|
|-56.477993|
|-16.806950|
|-155.032643|
|-8.491704|
|17.530944|
|-33.348639|
|-52.495478|
|-22.900229|
|-14.807201|
|-39.662614|
|-36.523056|
|-7.635902|
|-200.707477|
|-31.513118|
|13.414177|
|-54.566264|
|-28.183568|
|-2.921413|
|-6.583086|
|-70.006112|
|-11.375351|
|9.689304|
|-49.055180|
|-8.922007|
|-1.212465|
|-29.125969|
|-34.104377|
|-30.325993|
|-29.657218|
|-18.880908|
|-18.465687|
|22.683450|
|-1.565649|
|4.815886|
|-76.837087|
|-0.912936|
|-57.154092|
|12.974717|
|-90.764592|
|-21.555488|
|-23.571065|
|-0.837391|
|-0.122617|
|5.942229|
|-21.480304|
|-245.971680|
|-71.540219|
|-31.601275|
|-27.997299|
|-17.742979|
|-135.088461|
|-14.685529|
|-21.297541|
|116.622905|
|-4.908693|
|-12.986422|
|-25.475671|
|7.282102|
|-31.917511|
|-40.156843|
|37.169141|
|-24.334936|
|69.085802|
|-72.986190|
|-23.305951|
|-829.304631|
|-985.450756|
|-506.158513|
|-33.213505|
|-172.401835|
|15.536582|
|31.574036|
|28.541062|
|-116.515286|
|-33.825423|
|5.096061|
|-47.050953|
|-61.482589|
|-27.178472|
|5.372364|
|-261.000677|
|-13.376281|
|-154.567159|
|-6.815383|
|6.943042|
|-161.378218|
|-11.451584|
|-91.752518|
|-47.477849|
|2.126572|
|-3528.389325|
|-6.620421|
|-19.031169|
|-270.520011|
|-15.659842|
|-25.869584|
|-65.498315|
|-14.002812|
|-15.083113|
|20.291624|
|-17.573706|
|-51.398450|
|-14.563509|
|-31.443085|
|-9.343086|
|-1535.137118|
|-44.653147|
|-4.714076|
|-82.867255|
|-0.700137|
|-36.664491|
|-178.763664|
|-19.432850|
|-5.339472|
|-40.629017|
|-168.261326|
|-28.683334|
|-97.437567|
|12.171821|
|-38.896436|
|-6.450766|
|-27.696825|
|-118.195214|
|-20.680217|
|-57.488104|
|-51.571986|
|-157.506657|
|-49.951899|
|-27.972811|
|-142.085498|
|-138.768844|
|9.475121|
|-27.304154|
|-32.602659|
|-50.263143|
|-333.562412|
|-1.983628|
|-49.730900|
|-236.853065|
|-3771.616927|
|-23.127411|
|-9.934198|
|-144.854928|
|-57.559393|
|1.583835|
|10.636292|
|-54.678785|
|18.017309|
|-29.400265|
|-155.534325|
|0.850570|
|-30.925985|
|-24.153296|
|8.315430|
|74.922739|
|-17.519180|
|-148.556148|
|-53.921784|
|-53.238929|
|-32.372875|
|-16.715595|
|-139.410981|
|-29.365586|
|-17.023721|
|-8.400653|
|13.270865|
|-100.357884|
|-33.395007|
|-675.403880|
|-8.675815|
|-56.676033|
|-151.060253|
|3.818272|
|-25.466006|
|-16.111754|
|-21.677111|
|-80.577505|
|-11.844084|
|6.545813|
|-6.808264|
|-161.815631|
|-26.730949|
|-2.046284|
|-14.011844|
|-41.063608|
|-25.994657|
|3.352863|
|21.534669|
|-7.374266|
|-119.233766|
|4.672141|
|-41.123040|
|-497.948841|
|-36.226283|
|-152.682142|
|896.093278|
|4.146981|
|-48.796760|
|-71.338370|
|-112.497685|
|-59.493658|
|-387.071390|
|12.452663|
|10.031177|
|-18.731963|
|-29.716857|
|-14.307859|
|-21.643796|
|-17.637975|
|17.263038|
|28.255586|
|-72.120412|
|0.425418|
|9.537789|
|-17.503719|
|-5.471070|
|-22.663576|
|-33.253425|
|-2.993548|
|-98.772782|
|0.233877|
|-41.266755|
|-6.265334|
|-6.167688|
|-14.886291|
|-70.458851|
|-33.032345|
|-28.028112|
|-9.890862|
|2.092054|
|-1.581636|
|-21.459720|
|-30.377914|
|-237.156597|
|-141.073739|
|-0.552589|
|-79.267792|
|32.656114|
|-84.081561|
|-71.479707|
|-8.432933|
|-262.762694|
|-12.485819|
|-23.404675|
|-51.068638|
|6.020652|
|0.251566|
|-26.083741|
|-11.615369|
|-1.105056|
|-4.853154|
|-153.258021|
|-1224.797658|
|-30.068309|
|-123.383522|
|-124.285249|
|-8.056701|
|14.071718|
|11.143279|
|9.951368|
|1.572879|
|38.632902|
|-4.352850|
|-14.989844|
|-5.188978|
|-79.161684|
|-48.707887|
|-1338.710324|
|-77.643469|
|-30.911096|
|-19.157097|
|0.030492|
|-35.802055|
|64.514931|
|-6.199425|
|-47.701366|
|-18.840162|
|8.742290|
|-17.135297|
|-390.776656|
|-66.681253|
|-34.213149|
|45.219945|
|-42.882099|
|9.165448|
|-41.934182|
|-9.467067|
|-228.159876|
|-5.163800|
|-2.572470|
|-22.914701|
|-763.009253|
|-110.482051|
|-168.248317|
|-14.743327|
|-13.799758|
|-412.105207|
|-47.231845|
|-28.391106|
|-14.758736|
|-117.556069|
|-4.373641|
|-20.890429|
|-25.559645|
|-35.118473|
|-49.554270|
|-27.463183|
|-45.054445|
|-32.494958|
|-10.233164|
|16.137264|
|-13.537399|
|12.071494|
|5.895810|
|13.876742|
|-151.907658|
|-679.637363|
|-34.501393|
|-24.690205|
|-52.359991|
|-35.469926|
|-5.649804|
|-26.545528|
|-1.159408|
|-51.547059|
|-11.756440|
|-63.378553|
|-124.028786|
|-18.911660|
|-29.715481|
|-75.585413|
|-174.851363|
|-31.733250|
|-22.749161|
|-51.606901|
|-16.318939|
|-22.886111|
|14.930685|
|-20.811691|
|-283.800003|
|-2304.821330|
|15.255551|
|-21.101482|
|-112.886024|
|-43.559126|
|-220.668542|
|-181.681394|
|-23.078683|
|-20.150139|
|-35.417536|
|-307.079768|
|-694.652861|
|-39.707634|
|-26.852768|
|-3.228018|
|-178.418547|
|-0.503534|
|-25.897492|
|-7.848761|
|-195.895735|
|-7.259848|
|-17.010805|
|17.148205|
|-43.447945|
|-412.167250|
|13.009170|
|-27.903699|
|-42.118111|
|-19.374795|
|-24.224419|
|-200.891643|
|-24.551768|
|-20.626277|
|-9.960839|
|-115.484955|
|-52.397004|
|-21.420692|
|-5.492099|
|-29.989920|
|10.489201|
|-750.471616|
|-56.400713|
|-13.396838|
|-35.488022|
|7.426195|
|-68.886191|
|4.210265|
|-7.623481|
|-3.700700|
|-9.714323|
|4.225537|
|-14.961314|
|-81.898439|
|-41.957886|
|434.473360|
|-26.666759|
|17.339775|
|-32.288599|
|-15.578088|
|-33.493423|
|-0.699280|
|82.774699|
|-29.494227|
|-12.574692|
|-392.543188|
|-60.465233|
|0.119520|
|26.659368|
|-49.337331|
|-5.214169|
|-20.055366|
|-234.019165|
|12.821443|
|-37.587732|
|-222.217473|
|-38.603475|
|-30.016721|
|-332.224680|
|0.969334|
|-163.981198|
|-47.208838|
|5.144804|
|-11.439120|
|-32.254408|
|-17.931016|
|-30.315761|
|-30.168086|
|-13.548545|
|-40.690883|
|-44.783911|
|2.839431|
|18.040832|
|23.838253|
|-26.943089|
|-25.308341|
|-9.031149|
|192.648924|
|-275.762933|
|-59.006944|
|-26.103633|
|-44.297855|
|-85.682072|
|-67.878563|
|-181.479856|
|-150.958713|
|-33.201296|
|-15.877643|
|-96.259024|
|-3.600088|
|-42.801186|
|-89.470516|
|4.116137|
|25.962193|
|-49.649355|
|13.394823|
|-406.287372|
|-0.178620|
|-100.330458|
|-59.460627|
|-17.133228|
|-31.219773|
|-33.836451|
|-1.700702|
|-11.153895|
|-26.843017|
|-4.372208|
|30.607786|
|-18.033038|
|-96.333988|
|-24.913741|
|-49.379849|
|24.930546|
|2.929715|
|-61.915357|
|10.389232|
|-96.585395|
|-193.290523|
|1.023191|
|8.086910|
|-2.470632|
|-49.416716|
|-52.649076|
|-33.336621|
|-199.426913|
|-5.964640|
|-31.862689|
|-186.700561|
|-5.076100|
|-4.940407|
|-125.952277|
|367.145110|
|-34.533694|
|-5.356163|
|5.770105|
|-86.210270|
|-124.987088|
|-55.996804|
|-26.154357|
|-35.798191|
|5.428321|
|-16.787780|
|-34.803390|
|-1.158516|
|-26.970665|
|-2.908167|
|-14.879012|
|-8.157918|
|-12.991743|
|24.341398|
|-46.883470|
|-18.784089|
|22.905525|
|-4.014284|
|-120.145509|
|-3.995709|
|-75.645010|
|-54.873869|
|15.743248|
|-19.138781|
|230.391331|
|-13.971308|
|-2786.516812|
|-35.638401|
|122.507002|
|1.859270|
|-10.821692|
|17.653045|
|13.689194|
|-63.160782|
|-13.147112|
|-100.207598|
|-21.431887|
|-15.440485|
|-11.281189|
|-49.109637|
|-8.716526|
|0.856783|
|-34.841287|
|7.052212|
|-21.045495|
|-8.854679|
|-551.146937|
|2.240897|
|-29.961797|
|0.220779|
|-51.094478|
|17.461990|
|10.173158|
|-31.312939|
|-9.219536|
|24.608353|
|-14.386209|
|12.606516|
|-18.195368|
|-17.793663|
|-31.617357|
|1.113804|
|-3.330140|
|-118.103120|
|-52.340029|
|-177.189809|
|-287.900937|
|-213.697165|
|6.686472|
|-270.092137|
|-31.379337|
|-155.011553|
|-42.128984|
|-94.724193|
|-65.632202|
|-103.606566|
|-62.266922|
|-74.712073|
|-1679.318948|
|-1.806630|
|9.045077|
|21.713114|
|83778.656516|
|-28.772119|
|-35.255803|
|-5.229587|
|-71.871768|
|-12.704629|
|41.477741|
|-393.045606|
|-33.718071|
|2.241122|
|-50.673136|
|-37.942639|
|-144.780196|
|-33.287732|
|17.022425|
|-20.670915|
|-36.122487|
|12.800028|
|-3.664121|
|3.390485|
|-9.534090|
|-23.368348|
|-132.756025|
|-123.623664|
|-157.256669|
|0.128023|
|-53.997386|
|-26.469554|
|33.543906|
|-19.393681|
|-639.484501|
|-27.695534|
|-70.989313|
|-54.380234|
|22.737059|
|56.948285|
|141.557560|
|-13.131309|
|-30.419709|
|-28.825167|
|-420.237564|
|-86.572221|
|-14.597254|
|-5.909607|
|9.683565|
|21.433159|
|-46.487289|
|-856.049569|
|-4.561641|
|-54.063471|
|-19.730761|
|-64.100353|
|1.373476|
|-15.879292|
|129.127970|
|-46.347052|
|-3.515364|
|-18.773438|
|-18.489952|
|7.699375|
|-15.646895|
|-16.439180|
|-71.169292|
|-4.859814|
|-3.815443|
|-73.451930|
|-2.910285|
|-87.549521|
|2.253392|
|-60.785897|
|5.147330|
|-14.985793|
|4.972671|
|-14.246693|
|49.927049|
|-13.946101|
|-12.972823|
|-32.641183|
|2.781710|
|35.544887|
|-47.069946|
|12.944757|
|-6.596940|
|-46.256162|
|24.754050|
|49.189689|
|83.068370|
|-32.730856|
|-17.639491|
|65.224808|
|-43.074209|
|-31.787009|
|-36.961002|
|-253.570748|
|-16.861223|
|-136.645591|
|-5.465910|
|0.767826|
|4.939498|
|-42.115790|
|0.941077|
|-42.898053|
|-12.802051|
|-8.461822|
|-15.561569|
|-21.551868|
|-11.060916|
|-12.377461|
|-144.992198|
|-127.577080|
|-15.690828|
|2.624209|
|-26.641729|
|-16.022121|
|-10.182887|
|-29.810963|
|-456.763462|
|166.313948|
|-22.128008|
|-56.237518|
|-35.924345|
|-24.356223|
|25.450901|
|-28.839997|
|-12.408586|
|18.073982|
|-97.788196|
|-37.664927|
|-32.691700|
|25.832440|
|-76.750262|
|-12.556925|
|-17.045864|
|-199.656310|
|-17.165149|
|-1.265781|
|14.718903|
|-188.367584|
|25.723698|
|36.459844|
|-3651.272591|
|-10.189203|
|14.351012|
|-9.982733|
|-38.760341|
|-9.368979|
|102.962918|
|-7.863675|
|-20.742667|
|-90.459567|
|-47.107304|
|-26.375944|
|-106.739069|
|-10.741483|
|-361.775418|
|16.554021|
|-19.267983|
|-15.014853|
|-31.529202|
|-0.720111|
|0.162712|
|-13.669172|
|-10.145444|
|-29.075213|
|-44.944687|
|-40.288789|
|2.566590|
|-12.234289|
|-48.492506|
|-69.994450|
|-53.100185|
|-136.801570|
|-7.517364|
|30.364006|
|-10.889038|
|-33.739530|
|28.919871|
|-83.079798|
|-8.677035|
