----------Resultado-----------
|1.969974|
|2.651050|
|-0.484046|
|3.514713|
|0.939420|
|2.980430|
|2.254072|
|1.847432|
|3.012441|
|20.655955|
|1.266697|
|1.040295|
|1.537829|
|1.905881|
|1.730711|
|-0.001664|
|0.224032|
|-14.763274|
|-0.434870|
|2.776049|
|-0.085844|
|3.246538|
|0.249104|
|3.971424|
|1.372721|
|0.593303|
|0.768598|
|2.376115|
|3.733709|
|1.650390|
|2.023182|
|15.098335|
|0.122060|
|2.116286|
|0.458835|
|0.755676|
|1.418489|
|1.482825|
|90.528031|
|-0.458133|
|0.936704|
|2.314169|
|0.938741|
|-1.563802|
|-0.054832|
|0.988980|
|2.187538|
|1.989814|
|2.974718|
|3.332381|
|-1.427135|
|-0.415637|
|19.874058|
|1.138496|
|0.525001|
|-0.699964|
|-0.148207|
|18.716936|
|-0.086933|
|-0.346903|
|-2.949509|
|-3.504524|
|0.948751|
|1.784342|
|12.518294|
|12.407830|
|4.535582|
|2.899686|
|-1.209666|
|1.499832|
|-0.091126|
|-0.652197|
|0.054545|
|1.938241|
|-0.585657|
|0.339978|
|-8.390689|
|3.450508|
|0.324130|
|4.779021|
|-0.481468|
|-0.797454|
|0.533026|
|-0.882164|
|-0.466528|
|-18.321814|
|0.476624|
|3.511801|
|2.254531|
|0.989413|
|3.622603|
|-1.675043|
|-0.105151|
|-0.578514|
|0.525743|
|0.305815|
|8.369169|
|-0.498421|
|-24.650540|
|1.636569|
|1.481539|
|-0.888683|
|1.717358|
|0.478963|
|-1.281053|
|4.890715|
|4.745227|
|1.352697|
|1.956469|
|0.950894|
|0.701096|
|0.001177|
|-1.313368|
|0.913179|
|0.804346|
|-1.708926|
|0.323120|
|2.357701|
|-0.477002|
|1.164367|
|0.181209|
|0.769510|
|-1.026447|
|-96.828629|
|0.390538|
|-0.742940|
|0.644548|
|-0.754631|
