----------Resultado-----------
|0.469379|
|1.478158|
|6.593077|
|0.465668|
|1.582062|
|17.081344|
|1.570656|
|-0.511737|
|3.513018|
|-1.519613|
|0.107672|
|1.278406|
|0.014281|
|1.018780|
|15.754394|
|0.728051|
|-0.246559|
|0.417625|
|2.112177|
|7.416339|
|0.252901|
|0.245177|
|1.527096|
|0.346798|
|1.762088|
|9.626605|
|-0.477188|
|3.537272|
|-0.821559|
|-0.169171|
|1.384520|
|13.846760|
|1.188593|
|-0.500870|
|-0.495684|
|1.547819|
|0.799987|
|19.691190|
|0.907378|
|0.523357|
|1.822483|
|-0.014425|
|1.008877|
|1.732530|
|1.213574|
|1.384540|
|-1.346701|
|5.672256|
|0.892467|
|0.445821|
|3.472753|
|1.290864|
|0.321207|
|16.608239|
|1.505788|
|0.504165|
|0.218030|
|2.050572|
|2.594622|
|0.188353|
|1.544475|
|-0.115618|
|0.223882|
|1.452802|
|2.043802|
|0.467904|
|1.522757|
|0.482976|
|2.038266|
|31.427508|
|0.534601|
|1.166962|
|1.943001|
|2.995425|
|2.144725|
|1.590238|
|0.107365|
|1.348870|
|-0.156189|
|-1.338668|
|-0.529432|
|1.414565|
|-1.300163|
|2.096346|
|1.714845|
|17.938113|
|0.933035|
|2.494222|
|3.680014|
|1.706688|
|1.903221|
|-0.175456|
|13.161391|
|-0.627514|
|1.078294|
|2.075942|
|0.432884|
|1.423471|
|-4.946833|
|1.655365|
|0.662134|
|8.634130|
|0.873407|
|0.053750|
|-0.454367|
|1.128101|
|0.685135|
|1.384187|
|-1.045937|
|-0.252915|
|16.220685|
|1.942016|
|16.054810|
|-0.987351|
|0.661290|
|0.808025|
|47.835989|
|0.253731|
|13.876916|
|17.487601|
|0.836856|
|-2.559101|
|-0.667044|
|0.144857|
|0.899146|
|0.128250|
|1.776544|
|1.595800|
|-0.824290|
|1.101226|
|4.791264|
|0.091141|
|0.640340|
|0.517232|
|840.257508|
|1.204699|
|0.404802|
|1.247834|
|0.219103|
|8.628171|
|0.599961|
|5.886332|
|0.935787|
|-0.433552|
|0.654454|
|1.269751|
|0.825215|
|4.571584|
|2.436727|
|3.230744|
|1.276029|
|-2.778604|
|0.923611|
|1.010850|
|-0.163763|
|3.793901|
|8.523988|
|1.296801|
|2.062286|
|0.979679|
|3.377462|
|-0.117257|
|1.965050|
|0.252255|
|1.263003|
|-1.525884|
|-8.571530|
|4.528565|
|-0.288512|
|0.513396|
|-0.117480|
|-0.578157|
|0.124113|
|1.420547|
|1.417917|
|0.028868|
|1.746361|
|1.228640|
|-0.042931|
|5.936089|
|2.686435|
|0.175242|
|-0.006712|
|-0.846648|
|0.864997|
|0.897738|
|-0.806387|
|1.505646|
|0.176797|
|0.515911|
|2.651136|
|1.806057|
|4.529728|
|6.713247|
|-0.669281|
|16.790320|
|4.357244|
|0.174582|
|0.095399|
|-0.244659|
|1.432036|
|0.705129|
|2.532539|
|6.388762|
|-0.620540|
|0.583941|
|7.164397|
|2.069097|
|1.705774|
|0.881056|
|5.463134|
|1.195322|
|20.216513|
|1.477609|
|-0.272578|
|2.049634|
|-3.553310|
|-0.337224|
|0.164822|
|-0.717709|
|2.327530|
|-0.239843|
|-0.384771|
|0.364630|
|10.836189|
|3.304677|
|-1.352331|
|-0.080972|
|1.671499|
|-0.378545|
|1.970121|
|2.176122|
|1.346842|
|0.184600|
|-2.625430|
|1.060341|
|1.772266|
|0.048639|
|0.447134|
|-0.093898|
|2.121673|
|0.274172|
|1.152831|
|2.915189|
|1.920810|
|1.221986|
|11.096882|
|0.052232|
|1.062091|
|-2.426221|
|37.353254|
|-0.920924|
|-0.805492|
|-0.542397|
|-0.233474|
|0.011416|
|-0.791696|
|1.101822|
|32.527604|
|-1.745298|
|0.542497|
|3.519881|
|-1.140767|
|7.875905|
|-0.593712|
|1.346170|
|0.686986|
|1.667456|
|9.604290|
|5.292733|
|15.846832|
|0.132851|
|-1.112166|
|0.351734|
|-1.371661|
|0.712811|
|-0.239143|
|-0.465172|
|1.371743|
|3.106316|
|-0.334791|
|1.400891|
|1.402271|
|-0.458683|
|-0.578893|
|1.065672|
|-0.446372|
|0.020530|
|2.895309|
|1.171087|
|0.478420|
|-0.001893|
|-0.089630|
|-0.149202|
|1.633116|
|2.332003|
|0.826507|
|-0.421616|
|4.671861|
|-0.635314|
|-0.244094|
|0.469203|
|0.418760|
|0.314077|
|0.182739|
|1.355725|
|0.508790|
|0.895752|
|0.441667|
|0.712271|
|2.350666|
|0.674502|
|-0.448937|
|3.202734|
|-0.226462|
|-0.267880|
|1.084629|
|1.780112|
|1.339631|
|-0.904168|
|0.330160|
|-0.157289|
|1.162885|
|0.257887|
|1.313321|
|0.910165|
|-0.437151|
|0.544601|
|9.033882|
|0.279117|
|0.705703|
|-0.915746|
|1.053548|
|-0.263856|
|-2.466907|
|-1.790954|
|49.812621|
|0.496869|
|1.446795|
|3.319986|
|-0.169640|
|-0.105972|
|5.384428|
|1.908853|
|1.281783|
|0.942741|
|0.878016|
|8.418561|
|1.457862|
|-2.393954|
|-1.100689|
|6.045524|
|-0.307644|
|2.511457|
|-1.211466|
|18.817094|
|0.352519|
|4.821842|
|4.801598|
|1.156360|
|-1.617766|
|1.599023|
|0.620527|
|-0.034126|
|0.495192|
|-0.701139|
|1.767026|
|-0.262109|
|2.296644|
|-0.170009|
|0.852618|
|-0.347577|
|0.353226|
|0.596552|
|4.499737|
|2.085121|
|-0.079277|
|-0.712511|
|10.535281|
|0.681430|
|-0.529998|
|-0.723029|
|1.191347|
|0.117669|
|2.818179|
|-1.141568|
|-0.128216|
|-0.441299|
|-0.498289|
|0.934941|
|2.526498|
|0.419645|
|3.602526|
|1.174477|
|-1.059681|
|0.775009|
|0.107838|
|1.659971|
|-0.366576|
|-0.483909|
|0.138948|
|-0.000270|
|0.247637|
|-1.962818|
|2.706565|
|10.397363|
|-0.464406|
|2.160987|
|-1.237286|
|0.223035|
|1.663055|
|-0.438866|
|6.502373|
|-0.599953|
|1.016979|
|-2.417141|
|1.728987|
|0.913644|
|0.880183|
|3.626823|
|-1.026897|
|-0.102056|
|-25.933289|
|-0.257617|
|-0.193997|
|0.243713|
|0.628630|
|0.475508|
|5.088749|
|-0.265885|
|-0.065597|
|-0.715086|
|4.635136|
|0.588745|
|0.238270|
|1.426341|
|-0.389143|
|3.963481|
|1.176557|
|-0.742000|
|-0.863022|
|1.070898|
|0.743026|
|-68.253520|
|0.515971|
|1.266605|
|-0.581438|
|-0.376608|
|-0.423132|
|-45.528550|
|-0.310769|
|-0.852022|
|-0.436441|
|0.428576|
|1.776502|
|-0.676694|
|-0.170888|
|-0.602192|
|-0.749800|
|0.866471|
|1.320254|
|2.147398|
|2.451009|
|0.584739|
|0.451218|
|0.857016|
|4.091680|
|0.213758|
|0.842990|
|0.672994|
|-2.000623|
|-1.335985|
|1.477278|
|0.536664|
|7.213987|
|1.262891|
|-1.022516|
|-0.266893|
|0.629402|
|2.403504|
|3.692515|
|0.622457|
|1.659059|
|2.216725|
|0.604837|
|2.170540|
|0.265335|
|0.048592|
|22.512386|
|-0.120231|
|0.945592|
|-0.155566|
|3.091822|
|-1.248255|
|1.495502|
|5.324066|
|5.128357|
|1.377343|
|1.439572|
|0.599167|
|0.503785|
|7.710471|
|1.420287|
|0.227405|
|0.785680|
|-0.552546|
|0.222144|
|-1.058818|
|2.609952|
|-15.726825|
|1.161899|
|0.183486|
|2.683696|
|0.411266|
|-1.146182|
|2.471336|
|0.538058|
|-0.580521|
|4.809897|
|0.849296|
|0.777970|
|-2.878336|
|32.559850|
|1.462020|
|-0.185733|
|-0.218067|
|1.841014|
|1.727294|
|8.924891|
|1.136786|
|-0.896753|
|0.215888|
|1.053303|
|2.277242|
|1.867395|
|-1.579135|
|0.469110|
|0.419020|
|-0.437733|
|5.487426|
|-0.079464|
|-0.100198|
|1.688637|
|0.594251|
|11.623414|
|-1.599035|
|24.264302|
|1.993678|
|1.998135|
|1.548749|
|0.530506|
|-0.102645|
|-0.357495|
|3.437294|
|-3.547103|
|1.665248|
|1.645347|
|637.222583|
|4.214488|
|-0.718104|
|1.923876|
|1.049816|
|0.904382|
|-0.685034|
|-0.821543|
|0.554849|
|-1.128304|
|-1.394028|
|-0.354794|
|13.805488|
|-0.698830|
|0.844147|
|-0.763346|
|1.362540|
|-0.557465|
|-0.360313|
|-0.881881|
|1.325393|
|2.068502|
|-1.757964|
|-2.100778|
|-0.218117|
|-1.596721|
|2.304408|
|-0.375061|
|3.700300|
|-1.012050|
|6.252340|
|0.156141|
|0.499742|
|0.103592|
|0.289180|
|-0.457460|
|1.454029|
|1.211386|
|1.548755|
|2.958888|
|0.141136|
|13.862205|
|-16.787351|
|0.398284|
|0.111664|
|2.341109|
|1.377214|
|-5.310172|
|1.094229|
|1.744666|
|-1.694213|
|-1.419826|
|1.368538|
|0.728421|
|0.786786|
|4.583940|
|1.107363|
|-4.329428|
|1.296548|
|1.792416|
|-0.135134|
|-1.173177|
|0.697445|
|13.122365|
|-0.649833|
|0.393105|
|-0.258692|
|3.107060|
|2.550832|
|-0.469793|
|2.757724|
|-0.173811|
|1.216643|
|-1.359785|
|0.664966|
|-0.232854|
|82.960577|
|0.972166|
|-0.726332|
|-1.286147|
|0.753423|
|6.138570|
|0.865904|
|0.756777|
|-3.527603|
|0.920225|
|-0.676324|
|-1.667402|
|0.988115|
|1.319275|
|1.103470|
|1.239684|
|0.124925|
|-5.425053|
|2.424350|
|0.382415|
|-4.756666|
|-2.021419|
|4.158579|
|-0.926369|
|1.535089|
|1.112111|
|-1.265968|
|1.098071|
|3.332448|
|0.770511|
|2.856022|
|1.161813|
|0.567057|
|-1.345632|
|1.229328|
|1.026329|
|1.880236|
|-0.750289|
|0.890417|
|1.951090|
|0.031654|
|1.862737|
|-0.360623|
|-0.008708|
|-0.731795|
|1.613366|
|1.719768|
|1.863526|
|3.523837|
|0.450640|
|10.803267|
|6.441431|
|0.921737|
|0.441851|
|2.721229|
|0.960235|
|1.677361|
|0.219705|
|0.398444|
|1.156700|
|-0.692411|
|-0.918165|
|-0.078586|
|5.218366|
|-3.744142|
|1.189752|
|0.395586|
|-0.554328|
|0.692650|
|1.189613|
|3.162957|
|1.999085|
|0.752621|
|-4.247477|
|0.872684|
|-1.858846|
|-0.237362|
|-0.322065|
|-2.223612|
|-3.228400|
|4.096129|
|1.777494|
|0.388442|
|-0.393090|
|-0.527311|
|-0.201606|
|-0.329580|
|-0.371056|
|-0.657038|
|6.944330|
|-0.757290|
|-0.984139|
|-2.212931|
|0.566094|
|2.637003|
|-0.258522|
|0.865912|
|2.418948|
|2.725334|
|2.747606|
|6.267236|
|-5.841231|
|-0.819598|
|5.636150|
|2.360202|
|1.329260|
|0.737863|
|-0.100652|
|21.008573|
|3.124190|
|1.034551|
|0.393410|
|-1.467013|
|-1.363518|
|-2.003956|
|2.485014|
|-1.655713|
|1.238939|
|5.060202|
|0.929179|
|-0.891256|
|-0.265270|
|-27.762943|
|2.768177|
|7.342340|
|-0.820028|
|8.832555|
|1.806648|
|1.355683|
|-0.930409|
|-1.478566|
|-0.359848|
|-0.409493|
|3.202724|
|-1.473266|
|16.417201|
|0.068718|
|2.815054|
|2.990045|
|-0.482951|
|-0.379746|
|-1.857528|
|-3.181980|
|-6.965089|
|1.483411|
|0.139985|
|-0.589582|
|0.846206|
|-1.056351|
|0.876444|
|-2.158034|
|-0.652556|
|-4.338198|
|0.062716|
|1.725130|
|-0.317124|
|0.063335|
|0.913719|
|-0.269042|
|1.091554|
|-0.949272|
|1.183351|
|0.183050|
|-0.491911|
|0.012328|
|19.286602|
|-2.906577|
|5.736772|
|1.031087|
|0.303946|
|0.762042|
|-0.779773|
|3.053419|
|9.747320|
|-2.633056|
|-0.590630|
|1.203691|
|0.138277|
|-3.662655|
|-0.967211|
|1.297505|
|2.819941|
|-6.739653|
|0.359449|
|0.092519|
|0.700825|
|0.635484|
|2.835117|
|1.644810|
|-11.631839|
|-1.569476|
|-0.825943|
|0.510377|
|0.189270|
|-0.739789|
|0.036710|
|0.832661|
|0.498521|
|-0.054622|
|1.907258|
|2.955491|
|-264.736987|
|0.826600|
|-0.829350|
|-0.234315|
|-0.188479|
|1.899038|
|1.564455|
|-0.385210|
|-8.541255|
|-1.220431|
|3.506406|
|-0.715016|
|0.523419|
|1.682605|
|1.006025|
|1.793840|
|-1.349618|
|-1.707756|
|-4.318238|
|1.173972|
|-3.636903|
|1.348583|
|0.398182|
|-0.008417|
|-0.452371|
|2.486038|
|6.586039|
|1.120006|
|-1.801403|
|1.070739|
|-0.226147|
|-1.540322|
|1.476849|
|-3.766579|
|-0.930054|
|-1.335372|
|0.025735|
|-7.543805|
|-0.665892|
|1.184222|
|1.234998|
|0.736845|
|-0.231015|
|1.074720|
|-0.717654|
|-0.780226|
|32.128626|
|-0.204994|
|-0.471648|
|-0.086367|
|-1.100614|
|1.390307|
|-0.520688|
|-0.168085|
|0.716600|
|1.332637|
|0.315974|
|-0.233346|
|2.594253|
|0.779702|
|1.900227|
|2.047281|
|0.555228|
|-0.554738|
|1.510359|
|1.309162|
|1.071270|
|-0.247113|
|4.539910|
|0.693072|
|33.819538|
|0.787582|
|-0.119124|
|0.589756|
|-0.283111|
|-1.758004|
|1.067810|
|-1.468931|
|11.080262|
|4.489607|
|-0.157967|
|0.477817|
|1.900344|
|1.117625|
|-0.348807|
|-0.005057|
|0.211229|
|-0.596470|
|4.161362|
|-1.394810|
|-0.045844|
|-1.281943|
|-0.222468|
|-0.499301|
|-13.772564|
|6.139796|
|-0.125581|
|-0.133069|
|-1.272889|
|6.506376|
|0.622435|
|1.259343|
|-0.058967|
|1.631473|
|7.619436|
|-18.826523|
|-1.619423|
|22.116189|
|4.759549|
|-0.981601|
|-0.371856|
|-0.030368|
|0.821198|
|-0.255361|
|-0.886533|
|-0.151963|
|0.968007|
|0.747166|
|5.460325|
|-0.407181|
|-1.886728|
|-1.489061|
|2.763237|
|-0.599843|
|4.161009|
|0.088977|
|-0.551724|
|-1.192578|
|0.701359|
|-1.150570|
|10.364319|
|-2.183780|
|1.639855|
|-3.741568|
|-2.321359|
|-1.419329|
|0.742682|
|0.783805|
|-0.695504|
|0.492676|
|2.300655|
|-0.638246|
|-4.069559|
|4.888539|
|-0.314552|
|-0.359883|
|53.630958|
|0.397463|
|1.515437|
|-4.177173|
|1.422124|
|-0.841206|
|15.596910|
|3.739388|
|-2.126723|
|-2.542083|
|-0.126891|
|1.233889|
|1.296443|
|-1.172792|
|1.430828|
|4.013051|
|1.815304|
|-1.350689|
|0.196683|
|1.652059|
|-1.336347|
|-1.126974|
|13.938749|
|1.444214|
|0.247718|
|-2.565465|
|-4.354045|
|-0.310264|
|-0.737269|
|1.881466|
|1.335720|
|-0.170656|
|1.562450|
|7.581508|
|5.977580|
|8.362474|
|-0.569150|
|0.411417|
|-0.106141|
|-0.927807|
|4.192140|
|-0.519121|
|-1.804472|
|-32.293050|
|0.821836|
|-1.088070|
|-0.348318|
|-0.714115|
|-0.522862|
|0.174087|
|3.374261|
|-0.545260|
|-0.418709|
|2.861293|
|0.714836|
|-0.077635|
|1.550458|
|-2.250972|
|1.267733|
|-0.405411|
|1.069211|
|-2.088762|
|-0.501150|
|0.588556|
|0.203173|
|3.201784|
|-0.097533|
|-0.534640|
|-0.903008|
|1.380742|
|1.121954|
|0.786038|
|0.428590|
|1.432844|
|4.202877|
|180.196027|
|0.008254|
|1.170683|
|3.286948|
|0.254754|
|81.590745|
|0.096029|
|-0.580454|
|-0.478926|
|-0.753477|
|-0.648860|
|1.190352|
|3.660649|
|3.162080|
|-1.905440|
|7.412916|
|-1.796168|
|-7.090220|
|-0.997269|
|0.333304|
|9.133478|
|2.893446|
|0.119639|
|-1.396576|
|-0.861086|
|-0.432029|
|1.115934|
|0.989292|
|-1.398656|
|-3.693682|
|-4.030725|
|0.916468|
|-4.783329|
|3.460856|
|-0.593170|
|-0.152319|
|-0.004374|
|1.352484|
|-1.264285|
|-1.485329|
|2.130113|
|1.759839|
|3.659687|
|1.715116|
|-3.257240|
|-0.177279|
|-6.944769|
|0.058047|
|0.666717|
|-0.775432|
|-1.510441|
|0.679930|
|0.963305|
|0.844131|
|-0.544086|
|-0.028006|
|0.750269|
|0.842052|
|5.405264|
|1.531668|
|0.613212|
|-0.179593|
|19.391491|
|5.254311|
|-1.213820|
|-21.491345|
|-3.651270|
|0.663278|
|-0.590000|
|0.164872|
|2.299353|
|1.179258|
|-3.691140|
|-0.716442|
|0.753615|
|0.963009|
|4.563029|
|-0.954043|
|-0.175149|
|-0.047911|
|-0.916109|
|-1.234215|
|-0.799183|
|3.874495|
|-0.355858|
|-1.790138|
|-0.189040|
|1.152883|
|1.573387|
|1.552736|
|3.275972|
|0.646934|
|-1.037948|
|57.802584|
|1.766858|
|0.961667|
|1.290777|
|14.192727|
|0.781067|
|0.746061|
|-0.752925|
|-0.807916|
|-0.181220|
|1.472807|
|3.975159|
|1.498934|
|0.517320|
|-0.711204|
|4.989866|
|0.877596|
|-2.286379|
|2.073088|
|1.293700|
|6.557076|
|0.927450|
|0.743667|
|0.736489|
|0.825298|
|0.966320|
|3.809375|
|-3.050942|
|-1.983085|
|-1.762770|
|0.280004|
|-0.410687|
|0.297875|
|0.972559|
|0.227788|
|-3.650937|
|-32.364266|
|0.146745|
|23.305974|
|-2.551948|
|-0.394867|
|0.027260|
|0.861287|
|1.153316|
|-2.920400|
|-0.020929|
|0.843738|
|-0.145093|
|0.573903|
|1.433125|
|0.082990|
|3.059907|
|3.516353|
|-0.948464|
|1.043004|
|-0.437302|
|0.347509|
|-0.338701|
|1.131015|
|5.170607|
|0.028999|
|-1.756376|
|1.027597|
|0.127826|
|0.783642|
|-4.681134|
|-0.898371|
|0.307678|
|-0.058433|
|0.959209|
|3.898111|
|-0.210245|
|-5.377375|
|-1.039251|
|1.985419|
|0.095833|
|-0.168413|
|0.831729|
|1.056392|
|0.626961|
|-1.595606|
|1.642888|
|0.800841|
|3.359175|
|-2.662397|
|1.655489|
|-0.113014|
|1.703131|
|2.119879|
|0.648649|
|0.745309|
|1.617881|
|2.064205|
|-0.733016|
|1.821770|
|-0.019602|
|-3.902878|
|-1.031838|
|3.820577|
|0.003463|
|2.034836|
|-1.368047|
|0.985069|
|10.068384|
|0.750659|
|3.651281|
|2.624797|
|-1.080643|
|3.052877|
|-5.437089|
|-0.713839|
|0.988050|
|0.149907|
|-0.090851|
|19.498672|
|0.267776|
|0.993455|
|-1.054190|
|0.776470|
|0.261890|
|-1.760693|
|-0.316283|
|0.829003|
|2.055579|
|-0.187098|
|0.247825|
|-0.432369|
|1.636938|
|-6.919843|
|1.140672|
|-1.344818|
|-1.020665|
|6.065812|
|-18.027546|
|-2.133428|
|-0.677960|
|-0.258770|
|17.747714|
|-1.153964|
|5.212916|
|0.599989|
|-0.503679|
|1.928516|
|0.022028|
|-0.862230|
|-3.430314|
|-0.564440|
|2.845585|
|-13.401293|
|4.880222|
|499.408152|
|2.019614|
|7.520774|
|-1.297718|
|0.223863|
|0.173778|
|-0.139221|
|0.191200|
|0.915627|
|0.332473|
|0.524882|
|1.658394|
|1.995211|
|-0.699774|
|-0.767491|
|-0.505421|
|0.238033|
|-0.106509|
|-0.236422|
|-0.958688|
|-0.522763|
|0.589832|
|7.667539|
|-0.468407|
|-3.348300|
|0.440987|
|1.080650|
|-187.954716|
|0.228094|
|1.073057|
|-0.880818|
|0.506066|
|1.713573|
|-4.122249|
|-4.727763|
|-0.103778|
|18.483044|
|-1.753489|
|-1.259684|
|4.398850|
|-1.439282|
|-8.345449|
|-6.778282|
|-1.118179|
|0.129921|
|-0.210517|
|4.659374|
|0.037225|
|-1.612147|
|1.207196|
|-0.655546|
|-0.928413|
|-1.000940|
|1.021102|
|-0.543921|
|-0.143623|
|0.058962|
|-0.602847|
|-0.208726|
|-0.283770|
|-1.201113|
|-4.867330|
|1.102808|
|0.761926|
|1.242361|
|2.891426|
|-177.882484|
|-0.883732|
|0.291466|
|-0.556484|
|1.633907|
|1.681917|
|-3.113751|
|-0.768431|
|-1.244132|
|-0.059715|
|0.776727|
|0.322305|
|-0.966752|
|-1.867393|
|2.150433|
|0.611133|
|1.142704|
|1.655288|
|0.918963|
|0.175172|
|0.915096|
|2.686376|
|0.972350|
|-1.024489|
|-1.530225|
|1.067709|
|1.546538|
|0.646884|
|0.699915|
|0.187473|
|-0.273880|
|-0.025646|
|-1.536122|
|-0.863831|
|-0.867866|
|-0.943939|
|1.917897|
|-2.159382|
|0.607478|
|6.457124|
|-0.019706|
|-0.733479|
|-0.382889|
|-1.001644|
|-0.926937|
|-2.758164|
|1.034601|
|-1.136065|
|-1.524808|
|-0.894294|
|5.732742|
|53.145450|
|2.957653|
|0.446301|
|1.626557|
|4.200571|
|-0.263861|
|0.304242|
|0.496797|
|-0.460882|
|2.530401|
|-1.598863|
|-0.181400|
|2.280497|
|1.754017|
|3.016660|
|0.764051|
|-1.535826|
|0.528612|
|-1.645759|
|-1.481905|
|-0.338417|
|0.447174|
|-0.953522|
|-0.271494|
|0.194229|
|-3.503657|
|-0.131292|
|0.374194|
|-51.983448|
|1.037777|
|0.368247|
|0.712046|
|0.406816|
|0.862764|
|-14.224577|
|0.365834|
|0.497292|
|-2.718101|
|1.674275|
|1.506409|
|0.113111|
|-0.148449|
|-2.069142|
|0.731455|
|-6.273047|
|1.028591|
|-0.231110|
|0.629899|
|0.697353|
|-0.586876|
|1.835663|
|0.380867|
|1.360818|
|1.313240|
|-5.212338|
|1.604811|
|-0.585459|
|0.836636|
|2.719928|
|-1.059229|
|0.505437|
|-2.440284|
|-2.857662|
|3.199619|
|1.872393|
|2.820003|
|-1.375610|
|0.916329|
|1.090812|
|-1.707146|
|-1.234999|
|1.475419|
|112.202766|
|-1.444518|
|-0.170247|
|2.215866|
|2.720921|
|-0.794173|
|-0.479734|
|-0.393985|
|0.331547|
|5.672278|
|-2.888178|
|3.559498|
|-0.649218|
|1.833905|
|-1.636409|
|0.223934|
|1.915424|
|3.566188|
|-1.570369|
|8.693479|
|2.191354|
|4.236104|
|-0.953325|
|1.067893|
|0.851270|
|0.207622|
|5.860856|
|-0.870916|
|0.279372|
|-0.602824|
|5.340354|
|1.887818|
|-1.176268|
|1.394283|
|-0.365751|
|11.256388|
|0.096930|
|0.819533|
|-0.824098|
|-320.007003|
|3.314136|
|-3.164719|
|-1.039947|
|-0.893413|
|1.000778|
|-0.740423|
|-0.110220|
|-0.361333|
|-0.578154|
|-3.908145|
|-2.317383|
|-1.072754|
|1.852071|
|-0.335875|
|-1.884435|
|-0.989779|
|-0.651080|
|6.563977|
|-3.130702|
|-0.978398|
|0.316575|
|1.966793|
|-0.075564|
|1.640999|
|-0.075301|
|1.170290|
|-0.129960|
|0.018183|
|0.736724|
|-0.021613|
|-0.322983|
|0.333174|
|0.817635|
|-0.006558|
|3.700142|
|6.157414|
|0.008597|
|-0.137468|
|-0.930077|
|30.114652|
|1.001822|
|3.261833|
|3.070421|
|-1.553601|
|0.048423|
|-0.834444|
|0.807870|
|-1.142254|
|-0.087559|
|-2.492970|
|0.002991|
|-0.749301|
|-0.902331|
|-0.665053|
|4.414511|
|0.515222|
|-10.621438|
|0.331512|
|2.288077|
|1.342872|
|1.617465|
|-0.573946|
|-1.089385|
|-0.637151|
|2.505937|
|1.053003|
|0.978736|
|-0.121885|
|-2.766916|
|-0.676354|
|0.345138|
|-9.656034|
|0.500406|
|-5.871590|
|-4.185795|
|-1.981146|
|0.366087|
|-0.184298|
|1.917973|
|1.059260|
|1.175359|
|7.424529|
|1.283218|
|-3.010011|
|-2.213459|
|0.383354|
|-1.846414|
|-0.407577|
|27.048540|
|0.957063|
|-16.430111|
|0.054196|
|1.096970|
|-0.295889|
|-0.445901|
|1.346010|
|-17.293796|
|-0.872089|
|-3.091567|
|-2.675285|
|-11.621574|
|0.047106|
|-4.936192|
|14.286340|
|4.177677|
|-1.205881|
|0.009127|
|0.386242|
|0.435429|
|0.887298|
|-0.819326|
|-9.541572|
|0.132795|
|2.208532|
|-1.148071|
|0.188958|
|-0.749545|
|-0.609492|
|0.836253|
|4.454305|
|-3.714180|
|-0.181003|
|-1.875436|
|0.116472|
|-0.587502|
|4.234010|
|-1.639845|
|-1.867675|
|-1.512059|
|-1.316334|
|0.155718|
|0.788898|
|-1.795865|
|-0.219280|
|6.545861|
|-0.791879|
|0.556783|
|5.915307|
|1.038586|
|-1.540177|
|0.635307|
|0.845922|
|-111.696090|
|2.042419|
|-2.661216|
|0.063686|
|-1.729319|
|0.453798|
|-2.095907|
|-0.313308|
|-15.957950|
|0.483393|
|-2.883480|
|-1.387311|
|0.252521|
|-3.248296|
|-2.898255|
|1.316760|
|1.974720|
|0.310214|
|0.787505|
|-2.256326|
|0.700626|
|6.771671|
|1.673278|
|8.390237|
|-3.725062|
|-0.604178|
|-0.988447|
|0.231738|
|0.251540|
|-0.180386|
|-0.368926|
|-4.404671|
|1.395356|
|-0.577419|
|0.191527|
|0.306142|
|1.322167|
|-2.563337|
|1.033394|
|1.937940|
|-1.435086|
|1.626889|
|2.605329|
|0.087266|
|1.157736|
|-0.650098|
|10.156707|
|-0.720293|
|-0.241879|
|-0.932497|
|1.024172|
|-0.766027|
|0.334349|
|0.230861|
|-59.164085|
|4.613190|
|0.748611|
|-1.014167|
|-0.569947|
|5.453927|
|0.368760|
|-7.704429|
|-0.638510|
|-0.787720|
|0.256375|
|-0.247588|
|0.279250|
|0.915363|
|0.318448|
|0.683724|
|-0.728928|
|-0.348952|
|-1.033496|
|1.824629|
|0.916301|
|-1.376750|
|4.299480|
|3.616441|
|0.931917|
|-1.409265|
|-0.355361|
|0.427093|
|1.331754|
|-7.551221|
|-3.168365|
|1.139107|
|1.981497|
|1.017749|
|-10.105689|
|37.939944|
|0.109775|
|-1.249930|
|-0.523347|
|2.118649|
|-0.005729|
|-1.550574|
|1.158398|
|0.504569|
|-2.180603|
|-0.038789|
|0.703544|
|-0.442401|
|0.179940|
|-10.916278|
|1.077847|
|0.952520|
|0.412789|
|-1.173237|
|-0.194340|
|2.454583|
|-0.377456|
|-3.001487|
|5.679840|
|3.649741|
|-0.340165|
|0.190185|
|-0.937387|
|-2.694012|
|1.150302|
|-0.150383|
|-2.219616|
|-0.247381|
|-0.189721|
|0.210287|
|3.371571|
|-1.191136|
|0.772840|
|-3.003559|
|0.628083|
|-1.853859|
|-1.375166|
|-0.778194|
|1.111699|
|-0.690334|
|1.090375|
|-5.359316|
|-0.421849|
|0.132588|
|-56.750923|
|0.828106|
|-0.461197|
|-1.267465|
|-1.194060|
|-1.071458|
|-1.299527|
|26.895492|
|-0.612590|
|-1.140691|
|-0.589559|
|0.734996|
|-2.273477|
|4.928114|
|-0.307011|
|0.228621|
|-2.921644|
|0.644018|
|0.244810|
|0.825786|
|3.523764|
|-0.932961|
|20.161400|
|29.918306|
|2.176447|
|-0.814622|
|-3.255189|
|1.423296|
|0.964503|
|0.708786|
|-0.964346|
|-0.669591|
|-0.508009|
|2.913019|
|-4.235632|
|0.817500|
|0.046972|
|1.291410|
|0.822590|
|-0.760438|
|-1.683313|
|-0.002644|
|0.682693|
|-1.041050|
|-5.417274|
|4.609490|
|10.827195|
|-2.537425|
|0.714453|
|-0.121670|
|1.351694|
|1.032554|
|-0.598919|
|1.392117|
|-3.047986|
|0.851354|
|-0.179440|
|1.080961|
|0.735750|
|-4.116921|
|-0.253247|
|-0.992498|
|-1.490117|
|0.101000|
|0.105599|
|7.214280|
|0.244610|
|-0.928456|
|23.958120|
|0.224182|
|-1.968087|
|1.393252|
|-0.437005|
|-0.774896|
|-5.128392|
|-0.514893|
|-0.324220|
|1.337504|
|1.686078|
|-0.075798|
|-2.548190|
|0.011768|
|-44.833101|
|2.022392|
|5.668530|
|0.655769|
|-0.106517|
|0.871729|
|0.444193|
|-1.067940|
|0.067660|
|0.079326|
|-1.392838|
|0.410446|
|1.085772|
|-0.444600|
|-0.027178|
|2.252304|
|8.921291|
|-2.312525|
|1.714825|
|-1.229862|
|-0.436187|
|0.955888|
|4.840898|
|1.287712|
|-0.993223|
|6.629191|
|-1.680793|
|-3.581753|
|2.391284|
|37.618573|
|-11.289325|
|-0.584838|
|1.144638|
|1.785600|
|1.220274|
|-0.749277|
|-1.916727|
|-0.745017|
|2.376547|
|-0.898995|
|-5.097572|
|-23.547726|
|-2.037625|
|0.670727|
|1.117513|
|-0.231332|
|-0.231113|
|6.342017|
|-0.839660|
|-0.909143|
|0.483436|
|3.891782|
|-0.143249|
|-0.088361|
|-2.297852|
|-0.890218|
|1.284574|
|-2.128485|
|0.137406|
|27.614615|
|0.114871|
|-0.965805|
|-0.902682|
|1.738065|
|0.920493|
|-0.042760|
|0.643326|
|-1.470530|
|-1.225341|
|-1.524626|
|-1.718433|
|-0.110586|
|0.301901|
|-4.447811|
|1.348603|
|-0.541751|
|0.154051|
|0.922088|
|-0.441296|
|-1.750152|
|-0.889063|
|1.331190|
|-0.272511|
|-0.372759|
|14.850945|
|-1.225627|
|0.743700|
|-1.467262|
|0.856947|
|-1.797007|
|-4.083044|
|1.180607|
|-0.605555|
|1.616500|
|12.854462|
|0.599972|
|-1.806067|
|-0.620330|
|0.813487|
|-2.653286|
|-0.211265|
|-0.987259|
|0.188659|
|-1.583648|
|0.235530|
|-2.833006|
|2.300323|
|-1.734423|
|0.412305|
|-0.633153|
|-6.386567|
|1.070924|
|-0.333218|
|-0.268242|
|0.221541|
|0.289339|
|-0.265834|
|0.874520|
|-0.770405|
|-0.293327|
|-0.674586|
|-1.584822|
|0.072731|
|3.162451|
|-0.925743|
|1.695026|
|3.196070|
|0.416387|
|-1.246893|
|1.045862|
|-3.737712|
|-2.796322|
|-0.208969|
|-3.609090|
|-1.136150|
|-3.370878|
|0.653849|
|1.726977|
|-0.903314|
|1.056632|
|-0.115330|
|-0.105774|
|-2.059069|
|-0.632396|
|-0.073996|
|0.398820|
|-1.662606|
|-12.025173|
|-0.961393|
|-0.915718|
|-1.102377|
|-0.193700|
|2.247797|
|2.421186|
|0.744111|
|0.310792|
|-1.700969|
|-2.625294|
|2.681333|
