----------Resultado-----------
|1.261563|
|-3.258683|
|3.293178|
|1.242350|
|-0.264716|
|5.458773|
|-0.311850|
|0.496185|
|-0.006249|
|-0.506332|
|-0.096684|
|0.743461|
|-0.176977|
|4.785925|
|1.370755|
|1.816445|
|0.117505|
|2.295397|
|-1.687267|
|3.992493|
|19.578723|
|1.317115|
|0.482993|
|4.061176|
|-0.559930|
|0.592571|
|1.630049|
|-0.779285|
|-0.627040|
|1.329529|
|1.014388|
|-0.735471|
|2.241900|
|0.068366|
|1.739682|
|2.328317|
|-0.141153|
|0.542201|
|0.272099|
|11.190773|
|0.998925|
|1.285772|
|-4.950825|
|1.410506|
|-1.046981|
|-1.492671|
|1.036363|
|3.094610|
|0.903992|
|0.486993|
|1.280112|
|3.668054|
|-3.484305|
|0.427708|
|0.281950|
|-1.397470|
|6.406371|
|0.596156|
|1.250797|
|1.349543|
|1.302508|
|4.813669|
|-0.266665|
|2.948685|
|0.245010|
|-0.018699|
|1.169864|
|2.148847|
|1.328473|
|-0.041398|
|2.609940|
|-0.005665|
|3.986359|
|0.615677|
|3.826066|
|1.542199|
|10.322827|
|1.468491|
|-2.727033|
|0.703244|
|-0.216438|
|-8.749616|
|3.064558|
|0.980254|
|0.232454|
|1.968904|
|-0.578679|
|1.274077|
|20.987089|
|-1.363808|
|-1.038298|
|0.047570|
|3.098569|
|1.259241|
|0.504960|
|2.062813|
|0.483986|
|-3.091604|
|-1.910204|
|1.371371|
|-3.791126|
|0.775097|
|-0.155101|
|0.023281|
|0.191404|
|1.194203|
|-5.401986|
|2.381913|
|0.778293|
|-0.961646|
|-0.506670|
|-33.949396|
|-0.236536|
|3.073700|
|-1.400840|
|-21.448533|
|-0.763895|
|-0.586107|
|-0.480572|
|-1.529501|
|1.476261|
|-4.546758|
|1.987969|
|1.478183|
|3.236247|
|-0.124087|
|6.370517|
|-0.958737|
|0.897690|
|-84.175702|
|-0.690681|
|-0.993296|
|-0.249231|
|-0.980628|
|-0.633114|
|-5.798743|
|-1.291600|
|3.170275|
|0.706469|
|-3.450844|
|1.145400|
|0.257097|
|0.316683|
|-0.286502|
|-0.813541|
|1.481345|
|-20.833720|
|8.431144|
|0.117334|
|-0.058012|
|1.793939|
|0.882238|
|1.338162|
|1.413306|
|9.473822|
|-0.452435|
|0.942459|
|-0.282856|
|3.864865|
|1.029996|
|4.181663|
|0.653327|
|0.757795|
|1.449382|
|0.270921|
|195.200303|
|-0.345275|
|-0.092892|
|-0.883153|
|0.317036|
|-0.830818|
|2.708171|
|0.738560|
|1.127056|
|-0.067577|
|2.530615|
|0.421014|
|19.504537|
|-0.625227|
|1.259755|
|-0.687550|
|-0.906416|
|0.009786|
|5.783964|
|-2.269372|
|1.261502|
|15.218849|
|-1.121848|
|-0.840758|
|0.665528|
|3.724922|
|-0.753729|
|-0.267923|
|-0.616461|
|-1.186600|
|2.901018|
|0.230692|
|1.075216|
|0.699672|
|0.775578|
|-1.928804|
|-0.693344|
|0.421198|
|-0.598976|
|1.102432|
|-1.634315|
|-0.679482|
|-0.361224|
|0.578263|
|-0.724360|
|-0.010422|
|1.647839|
|-1.836014|
|-2.538326|
|-0.965469|
|1.005137|
|0.031849|
|-1.670762|
|0.516701|
|-12.640706|
|-1.384355|
|-0.415108|
|1.819657|
|17.221074|
|297.832320|
|-6.137220|
|-0.655442|
|0.633226|
|-0.876332|
|-0.297810|
|1.333990|
|-5.721773|
|-1.292742|
|-0.755410|
|-3.535435|
|-0.413618|
|-15.025757|
|-0.981455|
|-1.854581|
|1.311475|
|0.635112|
|-1.815151|
|1.104595|
|-0.044015|
|-2.650374|
|0.793153|
|-2.196225|
|0.135786|
|-8.626155|
|3.783333|
|-2.075470|
|0.869559|
|-0.526077|
|-1.555058|
|1.592363|
|0.293086|
