----------Resultado-----------
|0.499648|
|0.050141|
|2.259163|
|-0.048432|
|1.322751|
|0.430135|
|3.773443|
|-0.980197|
|0.667562|
|2.062968|
|52.168219|
|-14.003452|
|1.660493|
|2.660725|
|-0.744668|
|-0.833328|
|2.686965|
|-0.740893|
|-0.807921|
|-0.876916|
|-2.959700|
|10.815629|
|-0.634408|
|7.606354|
|0.476215|
|3.429973|
|2.129754|
|0.041043|
|1.588415|
|-1.225515|
|-0.592392|
|-1.849777|
|-0.887480|
|2.523525|
|1.174432|
|2.178781|
|-12.499826|
|6.298333|
|-0.199636|
|-0.212435|
|1.994601|
|-0.091720|
|0.532249|
|-0.436104|
|-0.759996|
|19.876122|
|0.134122|
|2.664815|
|1.469971|
|3.019921|
|17.973638|
|-2.430766|
|47.821719|
|0.860010|
|5.058107|
|0.974524|
|37.163112|
|0.945828|
|-0.617405|
|3.232672|
|-1.134667|
|0.418158|
|2.449433|
|2.619030|
|0.114336|
|-1.235592|
|0.105171|
|2.101963|
|17.998329|
|4.073335|
|0.645284|
|-0.015287|
|-1.337166|
|0.847837|
|0.683071|
|5.770354|
|11.772109|
|0.061593|
|-0.674545|
|0.837935|
|3.474322|
|2.202183|
|0.939165|
|0.395226|
|2.969501|
|-0.120270|
|1.250981|
|6.577634|
|0.437477|
|4.229279|
|4.716367|
|0.325159|
|-0.110202|
|-0.021602|
|5.708180|
|-1.271998|
|42.613300|
|0.290112|
|-0.025440|
|-1.375720|
|2.459240|
|1.711092|
|-0.956638|
|-0.184071|
|-0.993352|
|1.747847|
|-3.482582|
|3.699279|
|-1.667881|
|0.444445|
|-1.775810|
|0.397171|
|-1.072506|
|3.793690|
|-0.928280|
|2.599765|
|-0.612268|
|1.607750|
|12.168771|
|-1.448031|
|0.979180|
|4.222879|
|0.460734|
|1.113560|
|3.911376|
|4.654162|
|-3.890722|
|0.767833|
|1.793046|
|1.476023|
|4.421691|
|-2.968470|
|2.558656|
|-0.510713|
|1.718497|
|1.846960|
|5.668418|
|-0.915489|
|0.891626|
|-0.270688|
|-1.982870|
|3.710296|
|-0.055474|
|-0.607701|
|-1.634918|
|1.215179|
|0.346161|
|0.418570|
|-0.028520|
|19.215885|
|1.592201|
|0.588590|
|0.593895|
|-1.135664|
|4.530281|
|0.627994|
|15.864539|
|0.401565|
|14.371441|
|-2.915143|
|2.464552|
|0.457661|
|3.071586|
|15.658427|
|-1.924881|
|0.620868|
|0.774824|
|-5.482352|
|1.992704|
|-3.192117|
|0.289190|
|-0.072764|
|9.688410|
|-27.752770|
|1.493411|
|-0.357908|
|-0.087052|
|0.971235|
|1.110180|
|0.724753|
|1.736283|
|7.060120|
|1.515736|
|-1.684159|
|0.195293|
|-2.039379|
|0.495381|
|1.044793|
|-24.503752|
|0.402148|
|1.154346|
|-2.348173|
|-8.399130|
|-1.897246|
|0.716247|
|8.300636|
|2.306672|
|1.198011|
|2.531463|
|-6.208513|
|3.790735|
|1.891845|
|4.542078|
|-2.595166|
|2.153361|
|-3.115826|
|-2.243756|
|-185.345054|
|2.577023|
|0.159772|
|2.097167|
|8.280982|
|1.687300|
|1.874109|
|0.694035|
|-0.722517|
|1.925694|
|-0.478136|
|-0.112162|
|-4.163466|
|4.288468|
|-1.831413|
|2.961594|
|0.253816|
|-0.428619|
|10.064638|
|-0.156411|
|-13.332768|
|2.770818|
|1.851040|
|7.740622|
|13.629959|
|3.341117|
|2.178892|
|2.668076|
|5.971174|
|8.133255|
|1.286429|
|-0.364697|
|-0.091574|
|-0.695750|
|6.000705|
|-8.230090|
|1.582098|
|28.891232|
|-2.701742|
|1.450477|
|-1.023551|
|-0.142733|
|0.404070|
|-0.352190|
|-1.261142|
|0.016241|
|-0.125641|
|-7.831923|
|0.370300|
|-3.245253|
|3.266761|
|-0.497993|
|-3.147366|
|2.358015|
|0.982945|
|2.953519|
|0.646417|
|0.488155|
|-1.037235|
|3.244321|
|0.116805|
|-1.327648|
|4.815190|
|4.111196|
|0.569434|
|5.359574|
|1.625153|
|5.965168|
|-0.775830|
|-0.355694|
|4.965532|
|0.068617|
|-2.185384|
|9.601777|
|1.383600|
|-13.533871|
|2.055973|
|-2.449068|
|1.778940|
|-1.126920|
|0.168269|
|3.553284|
|0.077039|
|27.900235|
|11.032672|
|-0.403992|
|0.942655|
|0.204415|
|10.833467|
|-1.173266|
|-13.488729|
|-0.021531|
|0.727966|
|-0.660017|
|12.964356|
|-9.301014|
|0.210911|
|1.864197|
|16.917719|
|1.483141|
|2.391166|
|0.546913|
|0.141873|
|1.522973|
|-8.394161|
|-1.067339|
|-0.308004|
|1.239111|
|1.752494|
|-1.038167|
|0.492067|
|-0.467913|
|0.697949|
|0.931913|
|4.618413|
|-0.112001|
|-0.523722|
|-0.180153|
|2.900047|
|0.270178|
|3.929064|
|-4.601507|
|8.599523|
|2.233737|
|-0.254967|
|0.695621|
|-10.405233|
|142.811522|
|2.036953|
|3.159275|
|3.894599|
|-0.264359|
|2.139166|
|2.542863|
|0.167387|
|3.505195|
|-0.320000|
|1.852257|
|-4.400764|
|1.720431|
|0.206530|
|-8.786358|
|2.760374|
|2.120203|
|-0.419901|
|-1.092201|
|1.054461|
|0.113733|
|1.460345|
|0.162652|
|2.016741|
|2.713203|
|1.100627|
|-0.029730|
|-1.211642|
|-5.884897|
|-6.109477|
|0.059217|
|-1.371927|
|-7.166203|
|2.464796|
|2.484823|
|0.512962|
|1.455655|
|1.355302|
|1.576951|
|-0.626982|
|2.661574|
|-1.881730|
|2.355751|
|-0.042328|
|-0.040950|
|6.737242|
|4.115161|
|-1.255509|
|5.775848|
|0.674076|
|-2.835700|
|8.161282|
|1.957780|
|7.897855|
|12.906276|
|2.045253|
|-7.333554|
|11.213789|
|1.236506|
|2.825635|
|1.287570|
|1.775426|
|0.326353|
|1.229257|
|1.528814|
|110.165480|
|0.776411|
|0.481923|
|3.841619|
|1.281674|
|0.570365|
|-2.630477|
|0.898830|
|0.136577|
|0.121363|
|1.537266|
|11.035059|
|3.282032|
|-5.661349|
|38.659901|
|-1.623146|
|0.175691|
|1.495595|
|2.748511|
|0.363641|
|2.151081|
|1.384849|
|0.556906|
|-0.072610|
|4.334124|
|1.982151|
|3.348044|
|8.526452|
|1.792274|
|2.187847|
|2.677675|
|0.637667|
|-0.393328|
|4.821999|
|4.285251|
|5.202214|
|1.379134|
|-2.929559|
|3.698689|
|2.834098|
|3.143394|
|4.069266|
|-0.495489|
|-1.509651|
|1.542755|
|-0.646455|
|0.776616|
|1.638462|
|0.180291|
|2.131591|
|1.110360|
|0.862742|
|0.757273|
|3.162132|
|24.678685|
|1.450917|
|-0.352500|
|0.532735|
|1.067904|
|2.681117|
|-9.201118|
|1.356765|
|-0.472252|
|-1.269067|
|-3.187677|
|22.059626|
|-2.155462|
|-1.657404|
|1.107356|
|-1.262974|
|30.072793|
|-1.027155|
|-0.385980|
|4.100982|
|1.137153|
|18.200775|
|0.830184|
|-0.968543|
|0.368672|
|3.353460|
|1.638064|
|7.497823|
|7.580091|
|-1.358406|
|11.310429|
|1.268172|
|-2.102334|
|-8.097965|
|1.267491|
|0.934425|
|1.240122|
|3.257125|
|1.741777|
|0.360105|
|-0.353190|
|-3.305684|
|3.219767|
|10.703533|
|0.431067|
|0.173564|
|0.362138|
|0.624083|
|-1.831623|
|2.043176|
|1.154729|
|-4.783152|
|-0.629455|
|0.457157|
|53.393680|
|-0.089087|
|-0.071738|
|-3.628256|
|-4.385803|
|-2.708420|
|1.412493|
|0.172702|
|0.508499|
|2.187865|
|10.298287|
|0.574433|
|-1.209518|
|5.771833|
|1.733912|
|2.581679|
|-0.160878|
|-0.664192|
|5.676441|
|0.489622|
|10.211357|
|37.040430|
|-8.152222|
|13.608368|
|-2.510195|
|-2.115596|
|0.920158|
|0.039292|
|2.455413|
|1.545934|
|-0.001303|
|0.136993|
|-1.208398|
|722.653899|
|2.321799|
|0.778973|
|-279.543086|
|-0.061144|
|0.161844|
|0.819064|
|-3.274033|
|0.186357|
|2.496777|
|7.983788|
|0.380254|
|0.877759|
|0.388084|
|-20.541120|
|-2.700219|
|11.306715|
|1.278964|
|-0.643280|
|0.179364|
|1.680226|
|-0.182580|
|0.827009|
|-0.649031|
|-0.503351|
|-1.202297|
|1.109773|
|-1.766221|
|2.190512|
|6.485011|
|0.329276|
|-0.497595|
|1.430664|
|-9.177552|
|-7.634825|
|-0.041617|
|-0.142197|
|5.038346|
|-1.579493|
|0.508440|
|-0.418714|
|-0.008285|
|-0.364737|
|0.348413|
|8.269290|
|-0.265496|
|1.694670|
|-1.586993|
|-0.706436|
|0.654890|
|0.766576|
|0.526858|
|3.080207|
|1.119997|
|2.725956|
|15.713108|
|0.228251|
|34.071089|
|-0.370951|
|-1.098505|
|2.171294|
|0.777714|
|1.245387|
|3.925024|
|-10.006635|
|-0.177087|
|-1.834769|
|2.091234|
|0.052044|
|0.271316|
|-13.325502|
|-1.259699|
|0.681592|
|1.340517|
|-2.529894|
|2.875364|
|0.897743|
|-0.151543|
|8.065351|
|0.949124|
|4.443250|
|5.151949|
|5.850825|
|2.588460|
|-0.453017|
|4.551318|
|0.557324|
|0.947031|
|-1.184316|
|-1.297209|
|-0.881952|
|-0.023367|
|0.096271|
|3.209148|
|-0.275559|
|-15.011604|
|-5.284433|
|-0.051649|
|-1.157088|
|11.281018|
|0.896929|
|3.636441|
|0.046735|
|2.423033|
|7.946091|
|10.812924|
|-0.504752|
|1.145877|
|-7.718434|
|1.596345|
|-1.506669|
|4.689197|
|-0.133413|
|-0.365391|
|3.907610|
|2.402680|
|1.320210|
|-2.535452|
|7.137480|
|0.349267|
|1.027280|
|1.588114|
|2.796936|
|1.430113|
|-0.570116|
|-1.621488|
|14.782975|
|-3.042235|
|-0.451683|
|-2.209789|
|2.509050|
|2.524878|
|1.227753|
|5.787170|
|0.962218|
|-1.807436|
|-1.680097|
|0.733754|
|2.115419|
|-2.932393|
|5.733898|
|-0.366420|
|1.545635|
|-1.151987|
|-2.605671|
|0.768398|
|1.960911|
|-5.681773|
|1.135563|
|1.067801|
|-0.293353|
|-1.848396|
|1.632426|
|-0.291355|
|0.504319|
|-6.542612|
|-1.120318|
|3.036519|
|-0.706700|
|5.000605|
|-3.434798|
|-5.870267|
|0.007246|
|0.551636|
|0.329118|
|5.608962|
|-0.074644|
|2.840734|
|1.211763|
|-2.022820|
|23.501938|
|0.150176|
|1.881104|
|0.328385|
|1.567762|
|1.800703|
|1.636666|
|-1.703236|
|0.852916|
|1.280596|
|0.211100|
|5.770841|
|-1.645558|
|1.047325|
|-0.242188|
|0.599529|
|-0.512717|
|10.347328|
|-0.079290|
|-2.847977|
|-1.551293|
|0.453777|
|-0.053553|
|0.441753|
|0.217428|
|0.160296|
|-5.114205|
|3.098337|
|0.136771|
|1.907424|
|1.259644|
|17.043488|
|-0.352194|
|-0.626863|
|2.252559|
|0.178891|
|-4.288922|
|-0.866511|
|-51.973506|
|4.069495|
|-1.527144|
|-1.306331|
|13.914031|
|-10.381317|
|-2.229261|
|-0.849093|
|2.620767|
|0.439529|
|2.540299|
|-4.661659|
|-12.474095|
|8.418938|
|-1.710878|
|0.048636|
|-1.230576|
|-0.017325|
|1.981419|
|-1.938625|
|-1.753736|
|0.277512|
|-0.075252|
|5.428356|
|-2.096660|
|-3.846997|
|-2.257487|
|1.050903|
|3.684738|
|0.799052|
|-1.323815|
|7.186383|
|1.260361|
|-0.925912|
|-2.418255|
|-2.785570|
|3.750003|
|2.080049|
|1.680795|
|-0.495099|
|-2.503866|
|-0.331102|
|-0.012443|
|-1.170493|
|0.548807|
|4.828149|
|1.013107|
|-0.699268|
|-3.217685|
|6.295650|
|-0.780997|
|0.837653|
|0.123498|
|-0.451326|
|8.761810|
|-2.631694|
|0.147048|
|-0.159972|
|-1.023363|
|5.002503|
|0.727597|
|-1.763039|
|-2.489003|
|2.486523|
|0.404635|
|-0.506262|
|0.049593|
|0.592626|
|-0.803022|
|2.099425|
|2.389510|
|-2.899250|
|1.126373|
|2.675573|
|-0.770661|
|-9.707191|
|2.854353|
|0.096506|
|-1.216102|
|-42.929986|
|1.835968|
|1.327205|
|0.707720|
|0.930696|
|0.664325|
|0.081447|
|2.827845|
|-1.916093|
|2.203086|
|-2.446669|
|6.829784|
|18.210387|
|-0.288786|
|0.209465|
|1.694036|
|-15.892687|
|0.299486|
|1.885126|
|1.743110|
|1.013718|
|1.788658|
|1.579949|
|1.367000|
|-4.319423|
|-2.411701|
|-0.100501|
|34.643587|
|7.836256|
|1.318182|
|5.995152|
|1.466425|
|-0.324216|
|3.466057|
|4.076810|
|0.046988|
|0.460359|
|0.962347|
|-21.838810|
|10.876125|
|-1.730438|
|-0.588024|
|0.025216|
|1.971870|
|0.927105|
|-4.676945|
|8.397866|
|-1.010878|
|5.380820|
|-1.220702|
|-0.620265|
|13.958265|
|-2.891762|
|1.318874|
|5.889273|
|11.484689|
|1.195141|
|1.872363|
|-0.729173|
|1.766101|
|0.083842|
|-1.389545|
|-3.374067|
|1.052573|
|3.146345|
|15.809298|
|-0.007301|
|9.498194|
|0.612261|
|1.122697|
|-0.874616|
|4.593250|
|4.626991|
|0.424837|
|0.839850|
|1.534380|
|1.361452|
|2.733654|
|-0.072216|
|-1.756054|
|0.436059|
|2.113236|
|-8.150496|
|0.449801|
|12.108613|
|-1.852080|
|0.858526|
|4.710865|
|-3.543654|
|1.005689|
|3.026314|
|-0.102542|
|1.670695|
|6.708140|
|5.143910|
|-0.347918|
|-0.693327|
|3.464573|
|3.351561|
|0.572661|
|-0.250053|
|0.948244|
|3.091400|
|5.091890|
|1.006076|
|3.293727|
|-0.901783|
|-6.733938|
|-1.694808|
|1.105686|
|3.483916|
|2.837496|
|-0.579821|
|3.926823|
|-1.209340|
|0.666317|
|5.073196|
|21.763239|
|1.128488|
|-1.141003|
|4.672446|
|1.491865|
|0.950132|
|-0.043334|
|1.432567|
|-0.825947|
|-0.528378|
|-0.568656|
|4.220471|
|1.534272|
|0.047383|
|1.077526|
|3.012039|
|0.792639|
|-8.859955|
|-2.930991|
|-6.530285|
|-5.193001|
|0.224504|
|1.401112|
|0.698180|
|-0.281967|
|1.927267|
|0.435455|
|-1.242952|
|0.595242|
|-1.900517|
|9.648603|
|-1.432643|
|10.233477|
|-1.475039|
|0.674781|
|8.091246|
|0.440058|
|-0.250682|
|-1.039649|
|2.586040|
|-1.024864|
|-0.627305|
|1.487309|
|-4.161260|
|2.676641|
|-0.390580|
|2.085300|
|9.318087|
|1.018666|
|0.613154|
|-0.347506|
|0.231029|
|1.024651|
|1.089331|
|0.333709|
|0.321560|
|5.790289|
|-7.003429|
|-0.615695|
|0.093180|
|-1.119027|
|34.865834|
|-0.094405|
|-1.949998|
|16.307886|
|-0.134819|
|-0.904867|
|0.804703|
|-0.611081|
|14.987905|
|25.124488|
|4.612411|
|0.612968|
|4.841413|
|-0.902843|
|5.949368|
|2.151637|
|0.559662|
|0.430939|
|455.954268|
|-6.566730|
|-80.454637|
|24.204032|
|-0.692474|
|1.275925|
|1.018162|
|-1.391986|
|1.180439|
|-2.933929|
|1.690991|
|-0.145860|
|14.034086|
|8.213391|
|0.097948|
|1.538517|
|0.303650|
|2.129423|
|0.334962|
|35.762373|
|0.868138|
|-0.340943|
|-0.851928|
|-2.500129|
|-2.209082|
|1.369960|
|-1.281587|
|-3.351115|
|-4.356418|
|3.906238|
|8.380376|
|0.380881|
|-0.166845|
|-3.203893|
|-0.620013|
|2.706284|
|0.399474|
|-100.028752|
|2.615998|
|-0.867992|
|2.777809|
|-1.202358|
|0.134599|
|-0.368456|
|-1.181631|
|0.358663|
|0.397625|
|-0.948532|
|-0.431931|
|-0.235055|
|-358.013245|
|3.090209|
|0.457927|
|0.073540|
|-2.861058|
|10.611074|
|-0.038608|
|2.076289|
|-3.195560|
|1.628122|
|-0.863668|
|0.643572|
|14.119458|
|-0.999770|
|1.369233|
|1.543843|
|1.461174|
|0.901376|
|0.351592|
|4.515822|
|2.023860|
|-0.090112|
|2.007470|
|-5.247699|
|-0.326312|
|-1.230383|
|-6.421102|
|0.593228|
|12.429156|
|1.487622|
|2.054491|
|0.432242|
|1.580303|
|-2.045056|
|5.871740|
|1.514084|
|0.760458|
|0.877701|
|1.685750|
|4.382446|
|-2.420727|
|4.594881|
|5.003085|
|1.770053|
|-2.110886|
|1.680699|
|-1.225456|
|1.190246|
|13.530339|
|-0.190025|
|-3.065053|
|4.344057|
|0.466688|
|-0.092853|
|-0.597604|
|2.135993|
|1.531725|
|0.296761|
|-1.537615|
|-183.827158|
|-2.766601|
|2.689221|
|-1.171598|
|9.012085|
|1.314577|
|-0.491640|
|0.646837|
|1.178017|
|3.308077|
|1.992400|
|-6.154953|
|1.023091|
|-1.258346|
|0.772463|
|0.185510|
|1.291744|
|0.828403|
|2.261315|
|-5.146841|
|9.233314|
|-1.537004|
|9.353583|
|0.343670|
|-0.176047|
|-4.012312|
|15.930599|
|2.106926|
|0.251404|
|1.382339|
|51.950491|
|1.764651|
|2.204389|
|-0.121123|
|0.180584|
|-1.166532|
|1.232154|
|1.523659|
|-2.591305|
|-0.576621|
|-2.587246|
|-1.929447|
|0.422746|
|-4.443458|
|-0.793079|
|3.890106|
|2.668997|
|-0.044281|
|0.446517|
|0.080948|
|3.985416|
|-1.119666|
|-1.152574|
|-0.610986|
|-2.504041|
|0.499079|
|1.622478|
|-2.036679|
|-0.327988|
|-10.286223|
|1.106311|
|0.601073|
|3.087332|
|-0.967606|
|0.097983|
|-8.791260|
|-0.656310|
|0.319631|
|-4.543239|
|0.962640|
|0.295505|
|2.951517|
|1.451749|
|0.404144|
|0.751334|
|3.616194|
|2.204391|
|0.783078|
|0.548812|
|3.793021|
|0.555447|
|3.719895|
|-2.430547|
|0.426487|
|-12.187779|
|-0.796873|
|-3.864310|
|3.714788|
|-2.855595|
|5.648888|
|0.504897|
|0.787022|
|34.121712|
|0.598693|
|1.735920|
|1.749608|
|3.107584|
|-1.067951|
|1.581366|
|-0.012796|
|12.248573|
|-1.417603|
|-3.750924|
|2.920534|
|-1.982692|
|4.212830|
|21.913406|
|-0.127046|
|-10.955819|
|1.315963|
|-2.164242|
|-2.270976|
|-6.683489|
|0.096732|
|4.778529|
|-0.372844|
|-1.340840|
|1.056053|
|1.055503|
|-1.132555|
|-1.459912|
|-0.895107|
|-0.064309|
|-1.531563|
|-0.107279|
|1.589395|
|-478.019101|
|1.506544|
|-0.413731|
|1.262937|
|1.909734|
|2.536143|
|0.335039|
|0.363948|
|0.154591|
|2.039785|
|-0.215974|
|-2.556232|
|2.110113|
|-1.321340|
|-2.082818|
|2.610331|
|-0.499512|
|0.354466|
|-6.291279|
|-0.708494|
|0.719792|
|-1.395785|
|-23.010350|
|0.100488|
|-1.563839|
|0.519870|
|1.440700|
|1.185318|
|5.564289|
|6.524304|
|-0.527536|
|0.978278|
|-27.889362|
|0.388249|
|-0.367605|
|2.192173|
|-0.183926|
|-2.166297|
|7.398421|
|-1.527199|
|1.071811|
|1.715797|
|5.909383|
|6.969601|
|1.906414|
|0.239377|
|1.418523|
|-0.877767|
|1.221629|
|14.644576|
|-0.384733|
|-2.414966|
|-1.828808|
|0.437202|
|-0.067863|
|-0.740742|
|-0.867268|
|-1.122191|
|1.078562|
|-0.092424|
|-2.424473|
|-0.300383|
|1.581075|
|0.109339|
|-0.830607|
|-2.141050|
|4.345011|
|47.154357|
|1.375222|
|-0.124640|
|-3.456860|
|7.675832|
|6.177363|
|3.911917|
|-0.026200|
|-0.029397|
|-0.571029|
|0.067864|
|0.222639|
|-0.058343|
|4.092373|
|-1.192570|
|-0.155132|
|-0.002590|
|1.729048|
|0.977878|
|0.522823|
|-0.374143|
|-0.305986|
|1.208109|
|-0.137788|
|43.409035|
|71.836269|
|1.310353|
|4.827950|
|-0.835180|
|-7.464139|
|1.892340|
|-0.869051|
|-2.122896|
|0.334803|
|1.395258|
|0.413737|
|1.344675|
|2.282538|
|4.576394|
|-1.704011|
|9.441457|
|0.161081|
|-0.171640|
|-0.177973|
|-0.548660|
|-0.635220|
|0.787091|
|1.002486|
|-0.756156|
|-2.031456|
|2.387919|
|-1.263725|
|1.338702|
|-38.381964|
|1.694060|
|1.601156|
|3.717807|
|-0.463304|
|-1.535408|
|-6.450066|
|-10.830858|
|0.930024|
|1.868159|
|0.588559|
|-2.755648|
|-0.233922|
|1.191637|
|-1.728299|
|4.783907|
|0.775397|
|-0.073536|
|124.951253|
|0.261339|
|-2.255334|
|4.505995|
|4.006740|
|0.988497|
|3.105947|
|11.939805|
|3.348092|
|-0.266930|
|-1.383704|
|1.678362|
|-1.086560|
|-0.272225|
|124.628680|
|-3.264766|
|0.672907|
|10.040004|
|-2.064244|
|1.468586|
|-1.289692|
|-0.435804|
|-1.557507|
|-4.177333|
|0.662894|
|79.627331|
|9.207631|
|-0.975904|
|-9.845651|
|0.523258|
|0.769725|
|-0.317926|
|-1.258105|
|1.281481|
|2.642952|
|3.209800|
|0.353362|
|-2.837149|
|0.287656|
|1.220006|
|2.160615|
|1.018715|
|0.443712|
|-1.763692|
|-0.960182|
|-0.088838|
|-3.756215|
|1.367368|
|-0.307710|
|2.204993|
|4.776936|
|1.458853|
|6.852038|
|-1.956755|
|-0.735523|
|-3.156951|
|0.464306|
|1.342691|
|-0.761293|
|-4.376578|
|-1.775355|
|-0.202745|
|0.128168|
|-3.760286|
|-0.257891|
|-0.190005|
|0.813210|
|-0.111521|
|3.055807|
|0.174022|
|0.344119|
|0.649420|
|1.707176|
|0.266934|
|0.723393|
|0.083046|
|-0.672877|
|-0.931276|
|1.651033|
|-0.450263|
|1.178852|
|1.421295|
|-0.026502|
|1.644435|
|-2.580245|
|0.762942|
|-0.779416|
|-6.494858|
|13.200072|
|-0.836111|
|4.168305|
|-1.273115|
|-0.662639|
|2.252391|
|3.261914|
|0.676899|
|-0.286463|
|1.068246|
|4.463522|
|5.071369|
|0.867253|
|-0.437692|
|-0.208545|
|-1.409556|
|2.041036|
|1.656481|
|-2.085644|
|0.204837|
|6.105780|
|2.487057|
|-0.807132|
|0.374677|
|20.517167|
|-3.575977|
|0.878275|
|1.283137|
|-0.478443|
|-0.455144|
|-1.143898|
|1.765511|
|0.422610|
|-8.777939|
|-2.169706|
|1.497651|
|1.341221|
|2.754983|
|1.665212|
|-1.055172|
|0.926915|
|1.841997|
|1.841795|
|-0.516097|
|-10.314269|
|0.297340|
|-1.916827|
|5.243315|
|-0.098664|
|0.897911|
|-29.910195|
|-0.470311|
|1.716620|
|-1.322111|
|0.136387|
|-2.049663|
|0.120613|
|-2.118034|
|1.426179|
|14.430809|
|-17.139938|
|-0.405909|
|-0.678341|
|2.471641|
|-1.903649|
|-3.508885|
|0.426216|
|-10.672312|
|-0.522058|
|-0.974347|
|-0.875828|
|1.467024|
|1.424417|
|-1.563918|
|3.829173|
|-5.953243|
|-9.137838|
|2.546673|
|0.622088|
|-0.550710|
|-0.233563|
|2.329109|
|1.851538|
|-6.957655|
|1.530536|
|-1.490493|
|-11.904307|
|-1.906754|
|0.255908|
|0.144793|
|1.475380|
|0.895838|
|44.979879|
|-1.403470|
|-1.541262|
|0.404982|
|-1.018811|
|1.082587|
|1.814469|
|0.564051|
|3.636456|
|5.779361|
|294.914942|
|4.718486|
|6.754415|
|-3.011519|
|-8.136406|
|1.626083|
|-1.123263|
|-1.897848|
|0.409547|
|2.348185|
|-0.048618|
|-1.851535|
|22.673064|
|-0.148607|
|5.924677|
|-1.527540|
|-2.910159|
|2.872339|
|2.316959|
|-1.259910|
|1.008254|
|2.296325|
|3.641352|
|0.727443|
|1.548933|
|1.828287|
|1.960179|
|-0.633819|
|1.367308|
|-0.447186|
|2.393200|
|1.962740|
|1.320444|
|-0.352055|
|3.711711|
|2.779002|
|-1.155267|
|-1.342776|
|-18.258545|
|-41.709270|
|8.136478|
|-8.217994|
|-2.360429|
|-0.594965|
|1.717294|
|8.306528|
|-11.063170|
|1.124317|
|2.192716|
|11.073131|
|0.949598|
|3.476753|
|3.177472|
|-1.160784|
|1.160293|
|-1.878807|
|-17.996452|
|0.319468|
|0.365263|
|-0.466392|
|-1.382822|
|-1.861175|
|-1.409471|
|1.833219|
|3.378041|
|-9.336358|
|5.828711|
|-1.231197|
|20.004001|
|2.266125|
|-0.005898|
|1.257948|
|-3.445967|
|-0.020440|
|0.359227|
|1.881365|
|-0.215075|
|-0.481993|
|1.311573|
|-0.520044|
|8.392603|
|1.893784|
|0.379226|
|-4.918483|
|0.152907|
|0.742691|
|0.413598|
|-1.857149|
|1.427894|
|-6.732846|
|0.599592|
|-1.426506|
|6.016844|
|-0.766613|
|4.350602|
|-0.274847|
|0.269222|
|1.049562|
|1.969460|
|-0.336628|
|-2.257760|
|-12.924147|
|1.185191|
|-1.178169|
|4.221892|
|-0.195619|
|1.201146|
|-1.197275|
|0.156340|
|-0.285260|
|1.481487|
|2.901391|
|12.190002|
|0.569733|
|1.822208|
|0.472724|
|1.413342|
|1.386453|
|0.346500|
|9.319230|
|4.437884|
|0.913499|
|0.514406|
|0.460689|
|-341.796816|
|-3.553671|
|1.992839|
|1.811533|
|-0.446920|
|-0.481384|
|-0.267970|
|0.359901|
|6.620147|
|1.442491|
|1.220161|
|10.381819|
|-1.560133|
|0.950124|
|-1.916112|
|-0.267796|
|-4.371277|
|-1.267577|
|5.934763|
|-0.100455|
|1.572015|
|0.943367|
|0.885183|
|8.543760|
|0.262958|
|-0.470715|
|1.303662|
|2.780421|
|-0.173592|
|-1.707644|
|-0.270242|
|-1.072689|
|3.047343|
|-1.328699|
|-1.878663|
|0.348581|
|-3.768392|
|0.595418|
|0.167989|
|0.737717|
|7.732710|
|-2.259333|
|1.521703|
|-1.544332|
|1.059350|
|-0.771969|
|0.003377|
|0.757297|
|-4.013309|
|2.748613|
|-5.374954|
|-0.796168|
|1.562484|
|0.640270|
|-0.108204|
|0.311288|
|-0.159104|
|-0.892519|
|-1.317737|
|-3.072924|
|0.522089|
|1.043103|
|-0.583121|
|2.003004|
|0.340914|
|2.605279|
|0.566528|
|-1.145793|
|-1.068324|
|-1.530210|
|-0.405555|
|9.381442|
|-1.120663|
|0.587027|
|-9.854072|
|-3.422797|
|-12.557305|
|-21.870854|
|-1.034783|
|2.727801|
|-1.464275|
|0.824110|
|-108.365615|
|-1.413417|
|-2.305377|
|2.433515|
|-0.415481|
|3.219259|
|-0.183692|
|14.361670|
|-0.300799|
|-0.626355|
|-0.022172|
|2.768112|
|1.295291|
|2.018041|
|0.330455|
|3.388261|
|-1.710902|
|7.792238|
|-1.065760|
|11.397890|
|-0.425583|
|1.381308|
|-2.221773|
|-129.947460|
|0.306746|
|-51.660271|
|0.571380|
|4.626467|
|-5.877595|
|2.447724|
|-5.552525|
|0.973878|
|-4.455159|
|1.088225|
|-0.461905|
|-0.023100|
|3.544913|
|0.976654|
|0.853271|
|0.462432|
|-0.649122|
|1.601302|
|3.061468|
|3.135526|
|-2.440658|
|-1.347019|
|0.261088|
|-0.025579|
|-2.502028|
|-0.286779|
|0.813990|
|-4.235591|
|0.190549|
|0.680324|
|-4.763376|
|-0.028426|
|-3.848727|
|7.767267|
|-6.718839|
|3.506032|
|-0.596393|
|0.147440|
|0.056814|
|-1.657735|
|-2.959443|
|3.907536|
|1.676279|
|-1.966050|
|1.783731|
|-5.177898|
|0.673345|
|-3.092847|
|1.071277|
|-1.337660|
|0.142170|
|0.928425|
|-0.130893|
|0.359840|
|-8.863494|
|-1.513166|
|-0.330394|
|0.114880|
|-1.480305|
|0.558832|
|0.191162|
|2.042096|
|0.451107|
|0.534990|
|-0.696434|
|-0.319559|
|1.717373|
|4.830745|
|1.310919|
|0.800379|
|-2.351458|
|-3.494864|
|0.772996|
|0.231611|
|-0.958282|
|1.717015|
|-0.895339|
|0.006810|
|1.273019|
|2.746017|
|-0.804445|
|-35.772733|
|-1.050531|
|1.869409|
|-53.422331|
|0.703801|
|-1.315724|
|6.433048|
|-0.949846|
|66.666337|
|1.405193|
|-5.164852|
|-1.244876|
|-0.613403|
|18.863911|
|0.534759|
|-0.947965|
|0.721497|
|-0.052604|
|-0.416119|
|3.524791|
|-34.460725|
|0.857280|
|-0.827378|
|37.220431|
|1.836172|
|3.169591|
|3.204433|
|1.038586|
|-2.607187|
|0.759242|
|-0.492956|
|-2.917740|
|0.320977|
|1.824826|
|-1.781518|
|3.240016|
|-0.023857|
|0.535622|
|1.493227|
|4.548561|
|-1.559538|
|0.389854|
|0.969555|
|1.299462|
|-0.938179|
|-1.302591|
|0.597578|
|0.387911|
|-0.664561|
|0.543380|
|0.146541|
|-0.985222|
|-2.496066|
|3.152564|
|-1.417460|
|-0.048253|
|-1.539326|
|0.062843|
|0.087624|
|-1.603661|
|-0.435047|
|-3.348211|
|-6.316555|
|1.695567|
|0.601240|
|-4.331589|
|-15.647190|
|0.102808|
|-0.187521|
|2.328613|
|-4.999539|
|-0.727820|
|-2.091773|
|-0.646102|
|6.185818|
|1.406712|
|-1.041687|
|-0.207169|
|0.437464|
|-3.024906|
|0.907750|
|-0.204532|
|1.158027|
|0.123145|
|-0.615906|
|-2.945104|
|-0.353389|
|-1.095678|
|-8.397156|
|0.187953|
|1.420820|
|-1.468204|
|5.061685|
|8.167224|
|-2.974655|
|0.826678|
|-14.544387|
|-6.530156|
|0.754230|
|1.614268|
|6.630171|
|5.030573|
|0.910236|
|-1.921694|
|-1.717203|
|2.491218|
|-1.632379|
|0.612213|
|1.640077|
|-0.175547|
|-1.582836|
|7.634762|
|0.646944|
|-0.316649|
|-0.110422|
|-3.363944|
|-0.752705|
|3.618487|
|-1.272077|
|2.481048|
|-0.539858|
|-10.715748|
|4.108592|
|-1.677692|
|-0.165647|
|-2.380767|
|-1.286069|
|-58.525819|
|-1.601908|
|-0.965136|
|-11.178568|
|0.692711|
|-0.852915|
|-23.486951|
|0.130577|
|2.326798|
|-2.807641|
|0.032973|
|6.159880|
|-2.994368|
|-6.122662|
|0.571640|
|0.525458|
|1.166651|
|0.170215|
|-8.072447|
|-1.226554|
|8.387505|
|3.762960|
|1.412202|
|1.480966|
|0.209893|
|0.039967|
|-1.459445|
|2.232507|
|-31.682866|
|0.730349|
|1.457813|
|-3.495801|
|-8.134734|
|-0.191184|
|-1.041120|
|-1.694416|
|-30.483311|
|-1.237757|
|2.572629|
|0.280921|
|2.147119|
|1.443126|
|0.750802|
|-0.168196|
|1.602535|
|-1.059047|
|-1.663952|
|1.152553|
|-0.159995|
|-2.424796|
|-4.844653|
|-0.278299|
|-0.691110|
|-17.238074|
|0.726341|
|0.274344|
|-0.384263|
|3.965159|
|-2.735865|
|1.223101|
|-1.573559|
|-0.453978|
|1.399045|
|0.587326|
|-13.846245|
|-26.073081|
|3.517491|
|-2.725353|
|0.634439|
|-1.021540|
|0.012577|
|-13.375751|
|-0.403288|
|0.279307|
|-1.107790|
|1.667797|
|-0.919454|
|-2.681656|
|-4.917952|
|-3.513706|
|3.131359|
|1.487313|
|2.304787|
|-11.602364|
|1.326602|
|-24.087747|
|-3.548375|
|3.664188|
|-0.039918|
|0.674782|
|-1.689325|
|-2.551667|
|-2.566550|
|1.589535|
|0.990821|
|0.900167|
|1.481469|
|2.220417|
|0.781833|
|7.981036|
|-0.334457|
|0.035251|
|-1.224982|
|-4.662232|
|2.259901|
|-10287.144068|
|-0.620068|
|6.350349|
|-2.100221|
|-6.189508|
|3.516288|
|-3.954216|
|-1.146714|
|-0.438587|
|4.799546|
|-62.255605|
|-3.881436|
|0.858927|
|1.047510|
|0.195556|
|0.525164|
|1.333417|
|88.388294|
|0.385190|
|1.021808|
|22.489552|
|0.715380|
|0.416909|
|1.935932|
|1.965167|
|-0.458084|
|-151.222128|
|2.180527|
|-1.520706|
|-0.746745|
|-4.384773|
|-2.783845|
|0.744306|
|-1.123447|
|-0.045473|
|-2.750798|
|10.887760|
|-6.007501|
|-2.711424|
|8.617771|
|3.199613|
|-0.954602|
|-0.896075|
|-2.901444|
|0.835535|
|-0.252383|
|2.231558|
|0.598771|
|3.962388|
|0.314394|
|4.086069|
|2.389356|
|0.275043|
|0.450663|
|10.324394|
|-0.188148|
|-8.813053|
|56.250551|
|-2.111631|
|-0.815694|
|-0.560550|
|-0.024364|
|-1.052423|
|-3.359004|
|-0.408040|
|0.954406|
|1.013371|
|-0.635657|
|-1.107287|
|0.044319|
|0.645168|
|-5.777515|
|10.409747|
|3.942184|
|-2.038260|
|-1.203953|
|-3.363417|
|-75.556016|
|1.506032|
|2.548558|
|-3.754497|
|-12.128466|
|1.042896|
|-0.309989|
|-0.961017|
|0.791148|
|2.802333|
|-0.842543|
|0.815885|
|-1.858978|
|-4.093620|
|0.662582|
|-4.123587|
|-0.505377|
|0.068334|
|-4.304676|
|6.221877|
|0.748171|
|-0.805448|
|-0.381830|
|1.704630|
|-1.837024|
|-12.082405|
|-0.511900|
|1.701470|
|0.554388|
|-4.318217|
|8.131584|
|-0.647880|
|-1.721661|
|1.520301|
|-0.342079|
|2.276042|
|1.309578|
|4.065711|
|-115.945055|
|-0.016993|
|-1.106034|
|-1.720104|
|-1.042939|
|1.834933|
|-0.508477|
|0.860402|
|-0.252769|
|-0.385007|
|0.587718|
|1.313917|
|0.042739|
|0.019567|
|2.353626|
|-0.482787|
|-1.442075|
|0.806090|
|2.585911|
|-0.636934|
|-6.012527|
|-0.087102|
|3.292128|
|1.361546|
|-1.310219|
|-1.674941|
|-0.999487|
|-0.641998|
|0.002087|
|-0.964735|
|2.165472|
|2.326079|
|0.222103|
|-1.765875|
|-3.897599|
|-0.740740|
|7.253573|
|-1.938090|
|-3.929448|
|-6.133429|
|-2.411643|
|-0.253185|
|-1.424313|
|-1.045906|
|-0.030971|
|-0.182170|
|-3.501128|
|-0.390092|
|-4.835506|
|-7.079416|
|-2.358739|
|-2.149048|
|-1.023929|
|-2.887449|
|-4.266422|
|2.126995|
|-7.985612|
|0.112756|
|-0.078139|
|-1.534806|
|0.536552|
|-6.589559|
|-1.188150|
|-1.433079|
|3.855682|
|1.455998|
|3.226347|
|-0.466712|
|33.036335|
|-0.080724|
|1.704599|
|2.852746|
|0.073145|
|0.478956|
|-29.199322|
|-9.783889|
|-0.990659|
|1.574190|
|-2.830871|
|0.447510|
|2.454221|
|0.603098|
|1.530911|
|1.220191|
|1.535922|
|0.758961|
|3.287116|
|1.381460|
|0.202411|
|-0.669738|
|-0.744099|
|6.149160|
|-17.300768|
|-5.508608|
|-0.931049|
|20.139500|
|5.765387|
|-0.619982|
|550.342021|
|0.141790|
|-2.789177|
|-3.859643|
|-1.704955|
|-0.218466|
|0.851061|
|-8.254193|
|-2.592641|
|1.098230|
|-1.090570|
|0.092254|
|0.188262|
|1.157630|
|-2.509890|
|1.717038|
|0.810175|
|1.349341|
|-3.487844|
|-1.053099|
|-1.618922|
|-0.931127|
|-0.635694|
|1.536290|
|1.926289|
|-0.612848|
|-0.695672|
|1.364155|
|0.367710|
|-231.772377|
|-0.528360|
|0.700278|
|-0.423848|
|-1.033798|
|0.306240|
|-0.061063|
|-2.858659|
|1.500571|
|-2.090113|
|5.832121|
|-0.141855|
|-1.265254|
|2.129751|
|1.822903|
|-1.653120|
|-3.990869|
|0.281138|
|-6.047871|
|-4.200038|
|-0.275494|
|-0.698814|
|1.896472|
|0.514140|
|0.190957|
|-2.391177|
|-0.436942|
|25.452988|
|-0.875019|
|0.664903|
|-7.411818|
|-3.644738|
|1.681176|
|2.568598|
|0.803231|
|-2.443666|
|-1.344868|
|1.170461|
|1.315542|
|1.805092|
|0.959650|
|-1.455763|
|1.660109|
|-3.722792|
|-6.916806|
|-837.485404|
|-4.979447|
|0.982341|
|2.618231|
|-14.227455|
|4.128004|
|2.847629|
|1.653641|
|-1.810420|
|-2.086123|
|0.134955|
|-0.431695|
|-0.322406|
|-0.154982|
|-2.230060|
|-5.465654|
|-1.201439|
|-0.931715|
|2.528816|
|-0.938417|
|1.237775|
|-4.230647|
|-2.461206|
|3.766502|
|-1.197912|
|-0.002336|
|0.021969|
|-0.092365|
|-1.101913|
|-0.182709|
|0.195376|
|2.103808|
|0.809881|
|-4.085564|
|-1.970621|
|0.669791|
|-0.275204|
|-0.883748|
|9.568504|
|-0.846846|
|1.495071|
|-0.283042|
|-0.497988|
|1.222882|
|0.349620|
|-1.228439|
|0.101862|
|-0.302840|
|-0.787557|
|0.738145|
|3.542332|
|-0.450675|
|-0.587042|
|0.045983|
|-2.204812|
|0.665929|
|-4.791355|
|0.665947|
|1.139828|
|-1.111854|
|3.530413|
|-1.035907|
|0.731304|
|1.789592|
|4.136226|
|-0.832467|
|-8.287548|
|2.286480|
|-2.374774|
|4.689046|
|-2.180916|
|-1.505552|
|-0.619803|
|-3.769114|
|-5.485776|
|-0.075133|
|-1.186164|
|0.840513|
|2.620437|
|-0.132151|
|2.097364|
|-0.133961|
|0.566135|
|1.714053|
|2.442202|
|1.294704|
|-0.873468|
|1.037386|
|-0.344913|
|-1.134283|
|1.901073|
|3.430294|
|1.191717|
|-0.112240|
|-0.884349|
|3.680288|
|-7.581236|
|5.766153|
|1.514976|
|0.479255|
|1.186478|
|0.349336|
|1.923760|
|0.911938|
|0.891618|
|1.324839|
|0.567445|
|2.259091|
|-0.476678|
|0.986915|
|-0.257000|
|0.214482|
|2.022048|
|5.451385|
|0.630116|
|-4.301777|
|0.664912|
|-4.153630|
|-2.159067|
|0.634408|
|-1.523187|
|1.822206|
|0.303598|
|1.500691|
|-1.395065|
|-7.680213|
|0.901534|
|-1.240047|
|-2.478697|
|-2.481205|
|-0.515405|
|-5.907428|
|-1.085943|
|-0.100102|
|-16.306494|
|10.082307|
|0.334511|
|-0.813593|
|-1.810802|
|1.359285|
|-7.247612|
|1.542563|
|0.142949|
|0.930743|
|5.668378|
|2.188907|
|-4.090910|
|-2.493029|
|4.238139|
|-1194.191516|
|-0.804453|
|-1.124426|
|0.730479|
|-3.196143|
|-0.265425|
|1.167359|
|2.494365|
|0.911389|
|1.746318|
|-1.945440|
|-2.003839|
|9.272358|
|-0.079171|
|-0.106465|
|-10.605352|
|-0.570241|
|-0.420107|
|6.168215|
|-5.636054|
|-2.241219|
|-1.739021|
|4.232057|
|-0.377208|
|0.357421|
|-6.791684|
|1.031291|
|-5.005315|
|1.519863|
|-0.532127|
|-3.817676|
|1.823753|
|1.969356|
|-9.151528|
|-1.197519|
|-1.187873|
|-1.111324|
|-0.379326|
|1.665591|
|-7.649791|
|5.649725|
|-1.926236|
|-1.183927|
|-1.752925|
|-1.414750|
|1.068666|
|-2.381991|
|-1.114583|
|-0.077920|
|2.308676|
|-2.671828|
|-10.429553|
|-1.216324|
|-0.944537|
|1.338576|
|-2.408424|
|-1.089835|
|-0.850737|
|1.744291|
|3.167792|
|-3.657339|
|0.249608|
|-8.932188|
|0.285183|
|-0.716092|
|-2.332473|
|-0.751527|
|-24.340480|
|-0.621086|
|-15.773828|
|0.120854|
|-0.387473|
|-1.794088|
|0.719294|
|1.654444|
|1.878606|
|0.693825|
|3.082631|
|-2.551434|
|-38.000590|
|-3.437584|
|0.824796|
|-1.736377|
|-2.470531|
|-0.543493|
|-2.246303|
|1.588224|
|0.291794|
|-0.839227|
|0.396222|
|-1.291115|
|0.007273|
|0.539408|
|0.639077|
|-1.990572|
|-1.082983|
|0.428452|
|-0.535775|
|-0.989384|
|4.789894|
|-11.637893|
|-0.790761|
|1.731663|
|-0.784250|
|14.756299|
|-1.671166|
|-0.914151|
|26.112377|
|1.464989|
|0.501326|
|2.435586|
|0.553024|
|2.703602|
|0.140272|
|-2.915755|
|6.885262|
|-0.127426|
|-0.401227|
|-1.317288|
|2.351285|
|-1.152413|
|1.858670|
|0.280917|
|1.263294|
|2.584047|
|0.920530|
|-0.454742|
|-9.749669|
|-3.233353|
|1.757276|
|0.652824|
|0.385086|
|-0.023629|
|-3.988773|
|-1.084124|
|-0.069779|
|4.673295|
|-0.083273|
|2.502922|
|-1.362932|
|1.935856|
|-0.634950|
|-1.430992|
|-9.457861|
|-0.435841|
|-0.952888|
|-0.469911|
|0.543466|
|0.963104|
|-0.320852|
|2.265017|
|8.300223|
|8.884146|
|2.935241|
|-14.496363|
|-93.342913|
|1.177920|
|-29.357423|
|-3.930441|
|-5.229205|
|-0.887319|
|9.598429|
|-1.130130|
|0.704869|
|2.788739|
|-2.819432|
|23.374194|
|0.961853|
|-4.979998|
|1.359191|
|-0.335643|
|-0.986439|
|26.458586|
|1.877965|
|13798.772384|
|0.217938|
|-18.683973|
|-0.389639|
|-7.378544|
|-0.028110|
|-0.304625|
|-58.949493|
|-3.091367|
|1.447341|
|-13.063047|
|-0.091933|
|-0.245918|
|-1.401007|
|1.541439|
|1.185538|
|113.814017|
|-1.984557|
|-2.315899|
|-2.213851|
|-8.568553|
|0.752193|
|3.012448|
|4.349301|
|1.953502|
|11.402584|
|-2.925873|
|-5.413127|
|0.039066|
|0.613086|
|0.585595|
|7.088262|
|0.726841|
|-0.935396|
|-3.361516|
|777.363136|
|-1.970730|
|0.734744|
|-1.305212|
|-1.014751|
|0.235639|
|0.182054|
|-2.170073|
|6.431694|
|-1.207077|
|-2.315963|
|-0.158903|
|3.146329|
|0.018124|
|-1.339064|
|-1.263924|
|8.100638|
|-3.380836|
|3.418301|
|-0.724260|
|0.017652|
|0.228738|
|0.766435|
|7.362861|
|-5.605443|
|0.376433|
|-12.164550|
|7.527177|
|-8.557221|
|0.961168|
|-6.090098|
|1.435310|
|3.342186|
|-1.521431|
|-0.007349|
|-5.258740|
|-1.190575|
|1.565318|
|0.284434|
|0.427316|
|-1.136733|
|9.696138|
|-0.074604|
|-0.746406|
|1.399721|
|19.620268|
|-0.138701|
|0.203171|
|2.474309|
|-0.113676|
|1.470470|
|-1.691551|
|-0.069309|
|1.009886|
|-0.443056|
|0.068360|
|3.639233|
|1.970609|
|-0.734997|
|3.480138|
|-2.276711|
|0.450353|
|-0.261174|
|2.083038|
|1.027494|
|0.596654|
|-1.489781|
|-2.433878|
|14.518904|
|-0.300766|
|7.893817|
|1.079985|
|-0.218732|
|-0.340648|
|-1.402480|
|-0.448543|
|1.457467|
|9.495343|
|16.464658|
|0.788210|
|-2.638432|
|-1.059459|
|-3.341692|
|1.942990|
|-0.072020|
|3.142512|
|-2.552511|
|-2.220545|
|2.378258|
|26.661588|
|-24.900677|
|0.790457|
|8.209735|
|1.818678|
|-0.276434|
|-0.396047|
|1.324675|
|8.071409|
|4.598678|
|0.924851|
|1.088786|
|-1.333816|
|0.223643|
|0.373290|
|-0.177444|
|-0.520225|
|-4.032641|
|-0.322460|
|4.576830|
|-4.714335|
|0.893434|
|-0.715812|
|2.947552|
|-1.606904|
|11.454433|
|0.584746|
|0.368464|
|1.566668|
|0.557884|
|-1.273339|
|-3.150158|
|-2.595289|
|1.544060|
|-0.772793|
|-0.479086|
|-0.473021|
|-0.252230|
|-2.357031|
|-2.497821|
|0.849759|
|-1.112122|
|0.902734|
|-2.262422|
|-1.142271|
|0.214476|
|-2.842872|
|-0.008021|
|0.518052|
|-14.378386|
|-2.044801|
|-0.357201|
|0.135868|
|3.383855|
|3.365174|
|-4.885022|
|-3.313444|
|-0.940426|
|0.796459|
|-1.069730|
|-1.608097|
|2.177726|
|-2.365775|
|-1.840436|
|4.877721|
|-1.421985|
|-2.335518|
|-14.618918|
|1.890849|
|-8.828897|
|-0.191904|
|2.981553|
|-1.072826|
|2.200414|
|-2.352272|
|0.699542|
|-4.986610|
|-0.671506|
|0.430918|
|0.700905|
|0.790074|
|-0.734605|
|2.489555|
|-40.044155|
|-1.682861|
|-1.412680|
|5.639541|
|0.308776|
|6.773713|
|1.738366|
|2.349725|
|12.231425|
|1.360179|
|2.261441|
|-1.442474|
|0.605407|
|-0.638476|
|1.519159|
|-0.680085|
|-10.873258|
|-0.429791|
|1.738335|
|-194.891913|
|-3.194395|
|-1.740419|
|-0.932086|
|-0.923611|
|-2.957720|
|62.698525|
|-0.626571|
|-0.072619|
|3.366045|
|0.162992|
|1.295178|
|-2.714136|
|25.418936|
|0.905081|
|7.388773|
|-4.943692|
|-2.485299|
|-36.904781|
|-5.230853|
|-0.421283|
|1.419444|
|-1.939381|
|-68.484761|
|-1.838901|
|-2.215158|
|-3.127577|
|-3.535162|
|-2.107347|
|-10.668240|
|-17.852512|
|-1.776990|
|-1.330917|
|-0.456155|
|-1.999369|
|0.091596|
|1.439293|
|1.674811|
|9.486276|
|0.455971|
|-9.093252|
|1.360077|
|-1.148352|
|7.635015|
|-3.957586|
|4.450968|
|-1.986239|
|0.027713|
|-3.643822|
|2.221590|
|4.762066|
|2.285595|
|0.922092|
|4.823103|
|1.968326|
|2.981215|
|-0.692394|
|-4.183482|
|2.506826|
|-1.684397|
|-0.455382|
|0.643554|
|0.673073|
|-4.530299|
|0.702965|
|1.915115|
|0.494999|
|-4.139438|
|65.491938|
|1.039661|
|-2.420113|
|-1.887351|
|0.572904|
|-0.159782|
|-4.545821|
|1.038743|
|2.335790|
|-0.265998|
|0.347424|
|-3.477396|
|3.921903|
|2.103641|
|0.981172|
|-1798.430292|
|-0.103537|
|-4.205090|
|0.445080|
|-0.382460|
|-0.934331|
|3.107723|
|1.681303|
|-0.908477|
|-15.955532|
|-0.607059|
|-6.886652|
|-3.371639|
|-29.399820|
|-6.534879|
|0.249820|
|1.204784|
|-0.193203|
|-0.113710|
|-1.764670|
|0.288515|
|-3.562406|
|-0.747589|
|-1.200745|
|-0.230615|
|2.684949|
|-0.372473|
|-2.497814|
|0.781120|
|17.532797|
|-1.801155|
|-2.485048|
|0.083426|
|-0.143116|
|0.604777|
|1.656623|
|-3.625517|
|-0.486671|
|1.924231|
|-2.210241|
|-13.379230|
|6.332117|
|-0.480164|
|0.527892|
|-4.440166|
|1.908123|
|-0.219998|
|0.543998|
|-16.127555|
|-0.861010|
|0.136790|
|0.620903|
|-217.032293|
|-6.241839|
|0.902793|
|-0.477959|
|-0.452573|
|-3.026246|
|-2.559701|
|-12.554834|
|1.087403|
|0.443463|
|-0.839838|
|-1.178027|
|-2.591160|
|-1.791906|
|1754.840003|
|-2.549860|
|-4.958301|
|-0.403712|
|0.667495|
|0.402444|
|-2.664162|
|-1.672734|
|2.688681|
|0.348804|
|-2.120971|
|-2.975838|
|-6.671353|
|0.480251|
|0.943481|
|1.227629|
|0.153220|
|-4.312979|
|-2.630725|
|2.764908|
|0.664051|
|-11.081341|
|2.228111|
|2.847924|
|0.315700|
|0.159539|
|0.887227|
|2.614618|
|-3.146726|
|7.099896|
|0.092970|
|-1.529199|
|-1.570398|
|1.505413|
|9.382872|
|-2.168279|
|0.677830|
|0.739328|
|-0.338139|
|0.979688|
|-1.818429|
|-3.847515|
|-1.151944|
|-2.995368|
|0.358291|
|0.391939|
|3.364744|
|-1.809756|
|-0.053548|
|-5.397384|
|-4.584328|
|122.451351|
|2.156801|
|-0.918493|
|-2.020099|
|-2.210354|
|-1.042456|
|4.064590|
|-1.504710|
|0.730675|
|-0.619768|
|-3.208751|
|15.120336|
|-1.285966|
|-1.767215|
|2.353552|
|-1.732463|
|0.137887|
|-15.624952|
|0.260277|
|-7.314726|
|2.632555|
|-1.261833|
|-2.080037|
|-19.066709|
|-2.581768|
|-0.559636|
|-5.793387|
|0.293329|
|3.571899|
|-1.024180|
|-1.194582|
|-2.480112|
|1.032708|
|0.993221|
|-43.968249|
|9.439604|
|0.595582|
|-0.625118|
|2.862231|
|-0.865044|
|-0.275574|
|-1.500386|
|1.317444|
|-1.390990|
|-1.523420|
|-2.162058|
|1.736155|
|-0.973829|
|-3.380357|
|-2.072571|
|-3.933930|
|-1.750592|
|-1.126366|
|0.232282|
|-0.999986|
|0.815446|
|-0.262443|
|-1.143889|
|-4.475984|
|-6.448060|
|-0.688914|
|0.720160|
|5.248083|
|1.758635|
|-3.110961|
|0.004842|
|-0.164568|
|1.334996|
|0.480295|
|-1.672711|
|-1.259361|
|-1.663030|
|0.833988|
|1.590646|
|2.166829|
|-2.179307|
|-1.015988|
|6.186416|
|1.067635|
|-4.308986|
|8.878932|
|-0.089957|
|-2.128208|
|1.765139|
|-3.528300|
|-0.255602|
|1.569786|
|1.548181|
|-0.662377|
|1.286277|
|0.345003|
|-1.172525|
|43.215532|
|6.614798|
|1.435669|
|0.520938|
|0.530146|
|2.615429|
|-2.750380|
|-5.760292|
|-0.852516|
|-0.790836|
|6.507361|
|-0.822326|
|-2.085071|
|-2.043388|
|3.487786|
|-0.079616|
|-2.169177|
|4.894159|
|-3.153475|
|0.254477|
|-0.357136|
|-5.895384|
|0.187908|
|-0.924341|
|-1.503242|
|-3.359825|
|1.617731|
|4.530359|
|-1.071228|
|-3.978889|
|0.131559|
|-1.874309|
|1.825999|
|-1.438143|
|0.362321|
|2.190009|
|-0.033587|
|-0.099971|
|-49.282038|
|-105.899869|
|0.127966|
|8.064286|
|3.005810|
|-0.124702|
|-3.733351|
|5.362755|
|2.598402|
|-0.950933|
|0.392214|
|-0.839537|
|-0.202698|
|1.006015|
|-1.800190|
|2.032531|
|0.033465|
|-2.007846|
|1.297800|
|-1.900860|
|-1.698755|
|-1.552999|
|-2.509425|
|-3.314417|
|0.164838|
|-1.555531|
|-2.189153|
|-11.761255|
|-0.392850|
|-2.929744|
|-0.090948|
|-2.382969|
|-1.481451|
|2.890663|
|0.998917|
|-1.775207|
|-4.071546|
|0.222245|
|4.637389|
|1.522421|
|-3.301221|
|-0.977097|
|-1.055440|
|-1.717583|
|0.665668|
|-0.626482|
|3.539839|
|-0.811741|
|26.563786|
|-1.769780|
|-0.619777|
|-5.943887|
|0.246569|
|6.430068|
|-1.462579|
|-4.804383|
|-1.491100|
|-2.979355|
|0.641390|
|-2.088572|
|-1.307148|
|-0.806354|
|2.076513|
|0.874496|
|-9.855485|
|14.539883|
|2.644043|
|2.085826|
|-0.209130|
|-0.903926|
|-2.375994|
|-1.444053|
|-2.374650|
|-5.449956|
|-5.045316|
|0.430303|
|4.822583|
|-4.365906|
|-2.229434|
|-3.837428|
|1.649871|
|1.228720|
|1.971854|
|-0.520662|
|0.966132|
|0.923173|
|-0.366714|
|1.631912|
|-0.136806|
|0.796219|
|-2.035943|
|1.396507|
|7.483540|
|-0.596398|
|-2.585078|
|-2.578090|
|-6.545155|
|-3.110834|
|-1.069020|
|1.069411|
|-1.144590|
|-0.504221|
|0.162421|
|3.690118|
|8.160520|
|-1.083675|
|-1.420407|
|1.480628|
|-8.789814|
|-0.730759|
|-0.633345|
|-2.232147|
|0.406689|
|-3.603185|
|-2.497412|
|6.544385|
|1.206671|
|4.632875|
|-1.414199|
|-2.870907|
|-1.245065|
|-2.994551|
|-1.369163|
|-0.155001|
|-1.579904|
|-1.381764|
|-2.270950|
|2.392501|
|5.825179|
|2.817291|
|-3.440782|
|1.195689|
|0.904027|
|-15.327697|
|0.512617|
|-0.757453|
|1.944344|
|-44.614829|
|1.367721|
|3.500439|
|-1.098445|
|-46.341051|
|-1.506819|
|-0.935158|
|-4.551469|
|3.084433|
|-6.302351|
|-2.019174|
|0.371022|
|4.968801|
|1.047319|
|-0.797789|
|-7.529156|
|-1.513146|
|-3.036103|
|6065.072331|
|-5.480188|
|0.862665|
|-0.287946|
|-1.203879|
|-0.770465|
|0.969202|
|1.662211|
|4.549254|
|32.607452|
|8.129068|
|-1.636747|
|4.469745|
|-2.589122|
|3.411443|
|-4.012698|
|-3.565247|
|0.438695|
|-0.778866|
|0.613896|
|6.117398|
|0.099506|
|-4.691366|
|0.482942|
|1.471520|
|1.972418|
|0.135424|
|-0.708752|
|-1.004773|
|0.600828|
|-3.309476|
|-2.208596|
|1.269423|
|4.409764|
|-0.824001|
|0.877468|
|0.154519|
|-1.323101|
|-0.395937|
|0.289778|
|-0.582802|
|6.232803|
|-0.843281|
|2.785865|
|0.876401|
|-0.715805|
|-2.164402|
|3.526439|
|1.194301|
|-1.082086|
|-0.860837|
|-3.317069|
|-0.914342|
|-0.523096|
|-94.323083|
|-0.605922|
|1.511946|
|1.794564|
|-0.129152|
|-1.241089|
|-0.609073|
|-1.056157|
|6.138589|
|-0.485811|
|-11.784864|
|-2.288134|
|-10.201872|
|-6.227725|
|-0.327558|
|2.190275|
|-3.037262|
|0.182101|
|0.514206|
|5.225509|
|-2.160117|
|-2.627266|
|-2.552323|
|-0.357934|
|-0.698651|
|1.341559|
|-1.023711|
|0.609616|
|-1.684958|
|1.946016|
|0.374423|
|3.109921|
|0.378681|
|-3.008651|
|-0.184480|
|17.822110|
|-1.299627|
|-4.474989|
|-3.073530|
|-1.311342|
|-7.241542|
|-6.770872|
|-2.464816|
|-1.518284|
|0.018850|
|0.873519|
|-1.479575|
|-2.109278|
|7.453457|
|28.752955|
|-2.698744|
|0.616753|
|0.366635|
|0.502555|
|-18.877908|
|-4.925316|
|-0.456258|
|-0.867749|
|3.431462|
|-0.235186|
|2.822634|
|12.000874|
|-1.130635|
|0.232587|
|1.517909|
|0.641826|
|-0.157904|
|-1.355995|
|1.451480|
|1.039139|
|-0.745179|
|-2.458210|
|-0.726900|
|-2.076945|
|-12.829189|
|-6.632521|
|3.076249|
|0.976426|
|-2.422279|
|-0.559986|
|6.813170|
|-0.731132|
|-27.731648|
|-1.050158|
|1.392685|
|-2.025317|
|-10.033080|
|-1.982796|
|-350.928590|
|-41.144734|
|-1.019328|
|-4.576947|
|-1.435133|
|-0.702725|
|-2.245847|
|3.860068|
|-5.231627|
|-0.300856|
|-1.842740|
|5.615186|
|2.957600|
|-2.359108|
|1.334591|
|-1.918906|
|-1.978667|
|1.246956|
|-0.926283|
|0.713317|
|1.339867|
|-2.871039|
|-2.981941|
|0.899879|
|-3.034590|
|-3.327796|
|-2.769357|
|3.180465|
|-0.380545|
|-0.455073|
|-3.557020|
|30.101552|
|-2.316376|
|-10.932134|
|-0.043460|
|-2.216527|
|-0.815063|
|-2.710945|
|-4.521540|
|-12.165799|
|-2.096843|
|2.254335|
|-14.344052|
|1.407018|
|-6.347675|
|1.619125|
|-15.966973|
|3.667996|
|1.171978|
|0.007758|
|0.066647|
|-0.736377|
|-3.399632|
|1.865012|
|0.784555|
|-2.487461|
|-3.047045|
|-1.831786|
|-0.851673|
|1.308857|
|0.161221|
|1.676236|
|-3.968247|
|1.378621|
|-0.094240|
|-3.948586|
|-0.667388|
|3.248181|
|-0.900509|
|-0.916287|
|1.195447|
|2.030115|
|-4.672475|
|-7.955502|
|-0.133723|
|1.381643|
|0.122627|
|-1.872347|
|2.014720|
|3.829201|
|-0.189830|
|-1.233649|
|-0.026067|
|-0.879658|
|1.620206|
|-13.326953|
|-0.361715|
|-0.819217|
|-1.229690|
|-1.505257|
|-0.153322|
|-2.295242|
|-1.361018|
|-23.694280|
|-4.348774|
|-0.128744|
|-2.376641|
|-1.249746|
|-0.651453|
|-5.696402|
|-1.111665|
|-0.985287|
|0.310721|
|-0.287282|
|-7.540053|
|1.647760|
|-0.940761|
|-0.170795|
|-6.597651|
|5.268188|
|1.752609|
|-0.055907|
|-0.635041|
|-1.022632|
|-5.991353|
|-14.732450|
|1.392644|
|1.631423|
|-1.305876|
|-5.578804|
|1.142350|
|110.754766|
|0.237394|
|-0.654927|
|0.283760|
|-2.031921|
|-0.382601|
|-4.382955|
|-3.228892|
|1.584531|
|-0.695227|
|8.089796|
|-27.438640|
|-0.837760|
|11.620515|
|-11.941961|
|-0.213878|
|-16.557386|
|-0.289549|
|-20.474707|
|-0.637837|
|-4.954726|
|-0.317518|
|-4.292331|
|0.268335|
|-1.995228|
|3.266244|
|-1.447255|
|-64.771571|
|0.579065|
|1.227281|
|-5.730212|
|-3.559962|
|1.305216|
|-3.970732|
|-1.819500|
|-5.298369|
|-78.894440|
|3.396780|
|-0.922575|
|-29.341416|
|3.495588|
|-1.250064|
|-5.951340|
|-0.691560|
|0.182789|
|0.343557|
|3.489298|
|0.407055|
|-0.008091|
|1.414495|
|-0.066242|
|0.258325|
|-0.861789|
|-1.349002|
|1.873350|
|-1.339083|
|-1.922890|
|-2.819673|
|0.328046|
|0.510973|
|-2.393449|
|-2.410809|
|-0.388505|
|-0.879535|
|2.225933|
|-3.897875|
|1.663634|
|-0.226856|
|1.649389|
|0.553674|
|-36.350630|
|0.011930|
|-1.311497|
|-3.483431|
|-1.506296|
|-4.739366|
|-3.417576|
|-11.014884|
|14.266604|
|-1.402160|
|-0.315003|
|-15.531148|
|-4.016014|
|-71.362943|
|4.667691|
|0.403302|
|-0.968062|
|1.671808|
|0.997521|
|-3.510512|
|1.919114|
|0.114071|
|-1.010930|
|-1.979886|
|4.370661|
|2.666109|
|-0.215174|
|-24.050496|
|-0.520107|
|-1.986379|
|-0.304692|
|-2.935895|
|-2.794958|
|0.762486|
|-0.064717|
|-4.214566|
|-2.203488|
|15.571859|
|-6.375340|
|-13.831644|
|0.288408|
|-1.509904|
|-0.728702|
|-0.805978|
|2.056752|
|-17.897188|
|-1.109958|
|25.806971|
|-1.622882|
|0.651292|
|1.980205|
|122.244444|
|3.681812|
|4.876279|
|1.695048|
|9.392356|
|1.145870|
|-1.322764|
|1.304439|
|-3.219377|
|1.156068|
|-0.620778|
|0.944763|
|-2.478439|
|-0.154093|
|1.019134|
|-7.443636|
|0.257177|
|-2.255691|
|2.970261|
|-1.322839|
|-25.097065|
|-1.410813|
|-2.642273|
|-3.865357|
|13.101742|
|-0.622923|
|-2.060526|
|-4.903235|
|-0.133635|
|-2.239043|
|-1.876566|
|-6.250914|
|-1.700477|
|0.713645|
|-6.598628|
|4.202278|
|2.404310|
|-0.718380|
|-0.835161|
|-1.548857|
|-0.438054|
|0.048460|
|0.791833|
|1.263131|
|-5.007496|
|-10.389908|
|-1.726190|
|-0.044203|
|0.717133|
|-2.179656|
|-0.607821|
|-3.807772|
|-2.000486|
|-15.056145|
|1.523811|
|-1.059252|
|-2.788744|
|-1.586117|
|-1.500766|
|6.934526|
|0.300469|
|2.266387|
|-0.623109|
|-1.836751|
|5.437729|
|-0.662873|
|-0.125312|
|-0.408385|
|-0.936167|
|-2.146840|
|-2.173085|
|-3.959457|
|-0.358539|
|-4.580650|
|-13.541409|
|-1.515309|
|-1.956480|
|-0.794406|
|-0.441947|
|0.628084|
|-1.621874|
|0.352535|
|-14.651356|
|-2.067765|
|-1.158836|
|-106.447681|
|1.683456|
|-0.865755|
|-3.746533|
|-0.072828|
|-0.953292|
|0.380005|
|0.570773|
|3.260182|
|-0.257241|
|-3.702311|
|-0.309365|
|-0.195335|
|-5.796846|
|0.997901|
|0.724743|
|-0.881657|
|7.097167|
|-0.178964|
|9.373816|
|-2.300633|
|-0.041077|
|-11.886226|
|-0.338800|
|0.917175|
|3.635264|
|-0.055903|
|0.113459|
|0.161773|
|4.511023|
|-0.421309|
|-4.079098|
|-0.765605|
|0.790799|
|-10.722369|
|-0.305886|
|-5.646599|
|-21.279615|
|1.961615|
|0.337241|
|-1.076077|
|-3.317236|
|1.399506|
|-0.143916|
|-12.415711|
|-4.317325|
|-3.945546|
|0.036126|
|-15.243972|
|-1.144268|
|-1.351383|
|2.000709|
|1.655875|
|-1.366065|
|3.427861|
|2.000993|
|-4.135087|
|1.951390|
|-0.370941|
|-3.759446|
|0.654403|
|-10.199630|
|102.529447|
|0.697090|
|-2.632096|
|-0.258591|
|1.857202|
|-1.323549|
|3.091231|
|0.368185|
|-8.602015|
|-4.936827|
|-0.347067|
|-1.043591|
|0.267959|
|-0.377896|
|-1.057019|
|3.269436|
|-1.378310|
|1.270216|
|-0.825327|
|-0.696672|
|-1.169910|
|-3.256622|
|0.146366|
|-0.461150|
|0.495792|
|-2.940438|
|0.929324|
|0.454094|
|-56.808336|
|3.064113|
|1.602070|
|-0.084644|
|-1.143159|
|-1.886973|
|-1.546725|
|-1.432455|
|-0.892769|
|-40.204161|
|-1.893763|
|0.756043|
|-0.118987|
|1.590679|
|-2.988103|
|2.531025|
|-9.215292|
|-0.610376|
|-2.864540|
|-0.081489|
|-0.489426|
|-0.493215|
|-21.937579|
|1.207097|
|0.722621|
|-0.352832|
|-8.212820|
|-0.824737|
|0.271470|
|0.584778|
|-1.613385|
|-1.255865|
|8.837256|
|1.735797|
|0.149215|
|1.816937|
|-0.293800|
|-1.072046|
|-0.558716|
|-2.015854|
|1.566536|
|0.686411|
|0.852796|
|1.642139|
|-0.465640|
|0.209402|
|-0.518620|
|1.769568|
|-2.601141|
|0.785914|
|-1.671065|
|-0.054829|
|-0.029335|
|1.069592|
|0.212754|
|-1.923176|
|-0.550919|
|-4.485464|
|-2.170152|
|1.605698|
|-0.073833|
|-0.573867|
|4.636234|
|-1.510001|
|-2.677845|
|0.986236|
|-3.446096|
|-5.309921|
|-2.401135|
|1.196702|
|1.889139|
|0.240996|
|-1.509200|
|-0.498902|
|0.982674|
|0.403337|
|5.081282|
|-2.460854|
|-0.258374|
|-0.127495|
|2.129826|
|-0.649723|
|1.397160|
|-4.446439|
|10.477591|
|-1.993462|
|-1.847031|
