----------Resultado-----------
|2.806587|
|0.219629|
|0.277171|
|-0.686480|
|0.475531|
|1.692234|
|-0.551582|
|0.163939|
|1.373241|
|2.468549|
|-0.043961|
|-0.754062|
|2.178432|
|24.267189|
|-0.405657|
|2.503450|
|1.255091|
|1.339861|
|1.498045|
|0.935031|
|-0.410223|
|2.077855|
|4.663402|
|0.923686|
|0.002039|
|0.886801|
|1.333314|
|0.005001|
|0.256903|
|0.866517|
|-0.406207|
|1.037005|
|-1.890010|
|0.995835|
|8.869247|
|-1.296322|
|-0.522655|
|1.827359|
|2.859380|
|0.657309|
|1.526039|
|0.704609|
|148.601236|
|1.004753|
|1.977645|
|5.166845|
|1.786765|
|-0.998500|
|-0.361313|
|-0.220635|
|5.082075|
|-1.782313|
|3.191438|
|-8.848892|
|-0.402301|
|2.260055|
|3.539190|
|1.267829|
|1.205897|
|1.539749|
|-0.186297|
|-0.398735|
|1.637337|
|0.730121|
|0.646701|
|1.089694|
|1.376531|
|-7.086716|
|0.228245|
|0.167731|
|0.391106|
|21.034003|
|-0.005651|
|-0.658748|
|0.219571|
|1.168568|
|5.279044|
|2.228104|
|0.709059|
|3.999853|
|2.827450|
|0.478215|
|1.451642|
|-0.582028|
|11.237667|
|1.398282|
|1.749287|
|-2.256797|
|1.001563|
|1.497199|
|2.264102|
|1.406489|
|-2.816493|
|-1.594381|
|3.648640|
|-0.721863|
|3.208189|
|-0.245747|
|1.654226|
|2.492575|
|1.544215|
|-0.828015|
|-0.002660|
|0.462488|
|0.580612|
|6.715454|
|-0.904182|
|-0.854830|
|-0.547121|
|1.396989|
|1.051017|
|-0.069847|
|1.780083|
|1.972515|
|-3.340743|
|1.145250|
|1.541290|
|6.619417|
|0.407769|
|0.646107|
|3.067571|
|-0.447276|
|0.867938|
|0.151804|
|0.517254|
|0.795515|
|-0.328354|
|1.637179|
|11.706434|
|-1.189910|
|1.450183|
|-1.415675|
|0.984849|
|-3.863188|
|-0.513725|
|1.186528|
|-0.408197|
|1.826268|
|0.070342|
|1.192621|
|-0.778579|
|-0.149038|
|-1.025329|
|-0.178972|
|0.053244|
|-0.043621|
|1.044588|
|2.290866|
|0.750575|
|-0.065300|
|0.500346|
|-1.021782|
|-0.353230|
|0.193201|
|-0.646556|
|2.653495|
|1.458135|
|2.357783|
|1.646741|
|0.530687|
|-0.504675|
|-0.261691|
|-0.316580|
|2.306470|
|-0.938362|
|0.715440|
|-1.196594|
|1.216059|
|2.743526|
|0.067829|
|0.087764|
|-0.620564|
|0.276733|
|-0.157547|
|9.732397|
|0.145143|
|-1.803250|
|3.126482|
|1.381098|
|0.230768|
|2.060924|
|1.443079|
|-13.690093|
|-0.957811|
|2.281544|
|-0.255431|
|0.729711|
|0.388039|
|-0.728257|
|-0.465035|
|-0.399425|
|3.221282|
|0.678889|
|0.772500|
|1.895775|
|4.326761|
|-0.810708|
|1.091153|
|1.742965|
|1.660331|
|-4.800152|
|-0.347966|
|0.250169|
|0.884454|
|0.168927|
|0.383823|
|1.897013|
|-0.634053|
|0.093306|
|0.978961|
|2.061909|
|-0.509332|
|1.170415|
|0.744066|
|-5.111314|
|1.522863|
|10.269530|
|2.566212|
|0.644727|
|1.048000|
|0.682712|
|4.488155|
|-0.089448|
|0.983954|
|0.493653|
|0.744764|
|0.371519|
|2.052659|
|1.367918|
|2.651392|
|-0.615764|
|0.445323|
|0.757444|
|0.467032|
|2.988087|
|6.193293|
|-1.374496|
|42.853573|
|0.116867|
|0.998062|
|0.313122|
|-0.356933|
|-1.592431|
|-5.841238|
|2.990425|
|-1.821668|
|-0.359475|
|-0.572155|
|13.112021|
|1.190883|
|-0.529117|
|-0.752562|
|14.495882|
|2.919055|
|2.422800|
|0.298529|
|0.120877|
|-0.282722|
|2.192158|
|19.810262|
|-0.286488|
|1.595434|
|0.781904|
|-1.369442|
|-0.316289|
|2.483431|
|-1.292026|
|-0.946832|
|-1.146669|
|-0.856143|
|1.127550|
|2.459282|
|-1.749863|
|-0.345732|
|0.099117|
|0.907034|
|0.385684|
|1.195361|
|2.263884|
|-0.795576|
|-1.006452|
|1.437796|
|3.182283|
|1.502949|
|-2.037346|
|0.478340|
|-35.639914|
|-0.135273|
|-1.416078|
|-0.871326|
|-1.752571|
|0.168177|
|1.203331|
|-0.504509|
|1.380941|
|-1.478813|
|2.188088|
|0.716482|
|0.520682|
|-0.098006|
|-2.082475|
|1.799043|
|-0.852627|
|2.455641|
|3.927013|
|0.083701|
|0.980027|
|-1.999309|
|-1.312876|
|-1.743006|
|-4.926379|
|1.555149|
|1.685224|
|-1.212252|
|1.245288|
|0.110836|
|14.869024|
|-0.636797|
|0.649525|
|1.126317|
|-0.713610|
|-0.669870|
|-1.078190|
|-1.813186|
|4.853253|
|0.145964|
|-3.476176|
|-0.026071|
|-1.516661|
|0.966786|
|-1.729678|
|-0.668446|
|0.319509|
|-0.484344|
|1.691602|
|1.306324|
|-0.303226|
|-8.172302|
|1.867474|
|-0.613896|
|-0.110475|
|-1.757671|
|-1.917633|
|1.479177|
|-0.185832|
|-0.266733|
|15.717887|
|-1.118608|
|-3.423299|
|-1.337077|
|-0.233665|
|-0.664769|
|0.810804|
|0.738797|
|0.669305|
|2.084935|
|1.101038|
|-0.394340|
|20.542528|
|0.409342|
|-3.429240|
|-1.953142|
|-0.288653|
|-0.433099|
|-10.457900|
|-0.264679|
|8.574296|
|-0.188632|
|0.181088|
|-1.491619|
|0.766380|
|1.019967|
|-2.653476|
|-0.833172|
|-3.591197|
|0.247363|
|1.388814|
|0.587396|
|-1.538348|
|-0.482648|
|4.018790|
|-0.554184|
|1.239607|
|1.147580|
|0.675823|
|-1.929490|
|0.470995|
|0.707324|
|0.634385|
|0.791200|
|0.603424|
|-0.008880|
|1.349631|
|-0.141241|
|1.035711|
|0.452475|
|0.498490|
|0.338858|
|4.090066|
|1.265670|
|1.610080|
|-0.657780|
|-0.975336|
|0.421044|
|-1.023300|
|1.711582|
|-3.169424|
|0.571991|
|-0.135213|
|7.649423|
|-0.421198|
|-0.691719|
|-0.450181|
|-0.470768|
|-0.633855|
|-8.333741|
|1.008704|
|0.302281|
|2.246398|
|-0.213620|
|0.308585|
|-0.632437|
|1.165104|
|0.955267|
|-2.251037|
|0.405997|
|4.051644|
|1.154618|
|14.948106|
|1.199766|
|0.101693|
|1.258657|
|0.233672|
|7.907537|
|-0.573669|
|1.400407|
|-0.481669|
|2.262216|
|0.269711|
|2.696060|
|0.143442|
|-0.599303|
|0.854117|
|0.513889|
|1.797482|
|-0.652309|
|1.524246|
|1.292534|
|-0.041213|
|25.783013|
|-2.621696|
|2.742511|
|0.598381|
|0.805402|
|-1.188543|
|-1.536396|
|0.902016|
|1.877999|
|0.562310|
|-1.751929|
|-0.852846|
|1.043382|
|-0.359229|
|-0.011953|
|0.398763|
|1.276163|
|1.099817|
|-23.031428|
|0.415176|
|-0.437297|
|6.788813|
|-0.615976|
|0.807993|
|-0.437636|
|-0.448724|
|-0.126513|
|1.956847|
|-1.707599|
|0.320701|
|0.737628|
|1.612671|
|-1.180974|
|7.257212|
|-0.575320|
|-0.598158|
|0.182025|
|0.765655|
|14.827218|
|-1.930483|
|-0.248116|
|0.207336|
|2.699733|
|251.381219|
|0.695245|
|-2.711375|
|-27.683816|
|-0.514948|
|5.749275|
|-3.104601|
|-0.288957|
|-0.986883|
|-1.046296|
|0.595483|
|-0.426496|
|-0.171101|
|0.482805|
|1.351229|
|-0.415655|
|-0.697377|
|1.434266|
|-1.402415|
|0.455764|
