----------Resultado-----------
|1.753661|
|2.829165|
|0.892561|
|0.337163|
|0.468990|
|4.436891|
|15.113814|
|1.604191|
|0.381466|
|0.309676|
|0.458402|
|9.917956|
|-0.125425|
|4.356382|
|1.637171|
|0.775935|
|-0.118472|
|-0.658761|
|2.830174|
|-0.159643|
|-0.809929|
|0.091046|
|-0.445876|
|2.289528|
|0.484962|
|0.539967|
|2.162743|
|1.286092|
|0.471039|
|-0.377089|
|2.612366|
|3.144546|
|1.384694|
|0.090170|
|2.917779|
|0.377345|
|0.324643|
|-0.500923|
|0.394108|
|0.775609|
|-0.646749|
|0.453335|
|0.406950|
|2.199000|
|-4.779899|
|5.769119|
|0.400936|
|0.746184|
|1.779531|
|-0.081624|
|2.278400|
|2.517380|
|0.446477|
|0.549335|
|-1.553239|
|-4.370341|
|-1.657519|
|-1.742503|
|-1.724954|
|-0.020723|
|4.853991|
|2.191827|
|-0.504033|
|1.457371|
