----------Resultado-----------
|-1.157733|
|0.762522|
|-1.989168|
|-0.815162|
|0.596398|
|1.301060|
|-0.884832|
|-1.554783|
|0.101663|
|-1.152937|
|0.497934|
|1.326206|
|1.201476|
|0.939369|
|-0.274819|
|0.737850|
|0.352869|
|0.208119|
|1.205500|
|1.039055|
|-0.156946|
|-0.323459|
|2.505546|
|1.484599|
|-0.601131|
|0.624553|
|0.716649|
|-0.446793|
|1.041003|
|0.784997|
|2.017658|
|0.533268|
|0.861474|
|-0.620768|
|0.446552|
|-0.501053|
|0.969275|
|-0.795581|
|0.700981|
|-0.801794|
|-2.137186|
|-2.289255|
|0.326191|
|2.440857|
|2.211553|
|0.758189|
|-1.863537|
|0.773338|
|63.958509|
|-2.914570|
|1.852114|
|2.156463|
|52.013973|
|0.588673|
|2.162547|
|1.893980|
|-3.049276|
|-0.407846|
|0.545789|
|-0.207768|
|1.468773|
|1.266908|
|0.475290|
|1.038811|
|9.638372|
|0.137429|
|19.309179|
|0.952318|
|2.831607|
|4.298196|
|-8.384258|
|41.269658|
|3.910080|
|7.075627|
|3.080949|
|1.033653|
|0.398612|
|0.769920|
|-0.924573|
|-16.067817|
|2.627085|
|-0.215568|
|1.124795|
|-0.045975|
|-2.273881|
|1.592061|
|1.387459|
|0.124380|
|-6.021169|
|18.511957|
|12.579821|
|0.967725|
|1.587596|
|1.067520|
|1.355181|
|-0.661932|
|0.974533|
|-0.189053|
|1.249443|
|-2.511542|
Time:0.003015
