----------Resultado-----------
|2.145459|
|-17.320299|
|7.449872|
|-0.996125|
|5.479628|
|-116.391697|
|1.712068|
|-2.486923|
|-1.857685|
|6.783706|
|9.872898|
|-3.614447|
|-175.387893|
|4.278056|
|-3.953515|
|-3.365259|
|-3.709802|
|40.433378|
|-4.871330|
|1.023192|
|-50.051375|
|6.850666|
|-40.150000|
|3.001398|
|-10.757555|
|-25.418028|
|-1.051914|
|-18.218999|
|-12.638091|
|-7.697326|
|-13.016882|
|-10.046971|
|6.336524|
|-4.801472|
|-18.160557|
|4.316853|
|36.576237|
|6.021616|
|2.417352|
|-11.119831|
|-5.175712|
|-3.476135|
|-0.739378|
|-8.133065|
|20.176136|
|-4.321278|
|5.531095|
|-14.351571|
|10.640125|
|-12.878004|
|-3.089662|
|6.806495|
|14.890804|
|1.488466|
|22.770101|
|-3.656456|
|-22.885135|
|-3.105507|
|6.259404|
|5.892582|
|0.055274|
|3.870433|
|-42.722736|
|-11.106581|
|0.067012|
|3.838486|
|0.040154|
|1.177067|
|-10.183177|
|-1.895945|
|6.133202|
|-12.726912|
|4.346176|
|-22.617294|
|1.931842|
|-1.118533|
|-9.240428|
|-3.861785|
|1.798933|
|-4.596702|
|2.602567|
|6.844064|
|5.266668|
|-11.570924|
|1.838858|
|-0.633143|
|1.870724|
|-27.134246|
|108.562306|
|-13.199030|
|-1.271240|
|-5.613339|
|431.933979|
|-4.253406|
|-10.603299|
|4.852371|
|-10.424906|
|0.901644|
|34.788445|
|4.546210|
|-3.487290|
|-6.771078|
|0.962842|
|4.412987|
|13.562400|
|1.614913|
|3.181389|
|7.596817|
|-3.808721|
|2.751418|
|-1.617268|
|4.616163|
|3.412813|
|2.930511|
|-6.367839|
|1.132407|
|-4.468273|
|3.989265|
|4.455844|
|-6.059922|
|-2.131295|
|12.776075|
|0.359225|
|-23.648048|
|7.111763|
|3.109212|
|-18.474846|
|-12.119432|
|-3.292050|
|-21.892655|
|-0.703469|
|-81.278529|
|4.995157|
|-26.155949|
|-11.555087|
|-6.254240|
|3724.077064|
|12.728753|
|4.578751|
|1.283500|
|3.816564|
|-1.776845|
|-0.671112|
|21.271449|
|-6.405178|
|-4.678993|
|-6.775274|
|14.398527|
|9.198410|
|6.956313|
|3.161020|
|-9.951511|
|3.558512|
|-3.379119|
|2.794228|
|-603.465920|
|1.743060|
|1.729270|
|-12.005737|
|4.815405|
|-17.192409|
|-3.655467|
|0.200443|
|-3.198111|
|-5.986562|
|-9.261452|
|2.879404|
|42.807300|
|1.640060|
|-33.221190|
|3.007835|
|-4.088018|
|30.770782|
|-11.724834|
|12.990649|
|3.272890|
|-7.890918|
|-5.714366|
|13.187915|
|8.356145|
|-8.342111|
|-1.495559|
|-3.389749|
|-78.735235|
|-4.713871|
|25.750966|
|-2.847135|
|-9.162459|
|2.929576|
|-0.107522|
|-7.684515|
|3.648597|
|0.218402|
|2.322022|
|-1.293530|
|-12.287104|
|-63.317543|
|19.254297|
|-2.226804|
|-12.157069|
|-2.516584|
|-10.179256|
|-8.099951|
|-8.852806|
|3.186481|
|-7.327033|
|-2.481651|
|7.072592|
|-7.299256|
|4.072739|
|-3.591085|
|-5.290008|
|1.517571|
|-5.741668|
|7.140461|
|-6.603318|
|-226.783750|
|0.184149|
|-10.869018|
|-0.773715|
|2.695109|
|-0.898931|
|-3.662943|
|-69.952037|
|-6.485963|
|-19.540686|
|-3.219244|
|12.854242|
|-6.910471|
|6.654836|
|-5.694067|
|-7.152996|
|-13.864555|
|-149.987069|
|-5.962914|
|-2.283182|
|0.159138|
|-7.809767|
|-1.080507|
|-5.469121|
|4.930561|
|5.188969|
|-5.390678|
|4.457037|
|1.968441|
|34.377382|
|-9.521228|
|-1.059037|
|-3.532206|
|0.476955|
|-7.938812|
|1.840157|
|35.744744|
|-8.309557|
|1.556427|
|11.972885|
|-1.530184|
|-13.420600|
|4.994482|
|-13.317785|
|-43.718632|
|3.382864|
|-9.147514|
|4.913168|
|1.748422|
|-1.123444|
|-6.060679|
|1.712802|
|1.141822|
|-3.890409|
|-9.318544|
|-6.950437|
|-1.533798|
|0.552800|
|0.178169|
|-4.863921|
|-6.162320|
|1.398176|
|-0.087928|
|27.547456|
|2.765845|
|13.903144|
|-5.600540|
|-0.761390|
|-2.579796|
|-0.209555|
|-11.697646|
|1.604654|
|-3.624711|
|-1.013800|
|0.378059|
|1.205899|
|-0.464724|
|4.366252|
|65.350359|
|4.114048|
|-8.746042|
|5.306898|
|-1.824380|
|-3.075673|
|7.426100|
|6.656985|
|-6.664758|
|2.742546|
|-5.618467|
|3.224132|
|-4.506288|
|-6.894109|
|2.925009|
|-11.474990|
|0.083935|
|-4.639623|
|-25.606387|
|10.044850|
|0.079505|
|34.766445|
|-10.903403|
|-31.811716|
|-13.549239|
|-6.644837|
|-9.676201|
|-10.145376|
|-3.875561|
|-5.991190|
|4.203743|
|4.783275|
|4.382492|
|-6.274586|
|-14.761484|
|-9.596238|
|-1.756732|
|-19.270668|
|431.947119|
|3.875507|
|39.570258|
|-4.451788|
|4.078138|
|-90.435087|
|0.499499|
|-1.345030|
|3.307763|
|-2.173001|
|3.010495|
|-4.617616|
|-5.503676|
|-22.430830|
|-123.662766|
|1.147308|
|-4.782481|
|6.079359|
|-0.800641|
|-0.892732|
|-10.672930|
|-3.486119|
|2.205592|
|-5.917533|
|1.816975|
|-9.931501|
|-5.242628|
|2.137345|
|-1.050786|
|8.401454|
|-24.004842|
|30.997610|
|28.231805|
|11.832607|
|-14.607081|
|-28.865391|
|-13.318300|
|-2.641427|
|3.575776|
|385.390688|
|4.465684|
|-13.363576|
|2.085674|
|-5.527187|
|6.737149|
|-0.357406|
|-24.943619|
|16.384571|
|-0.448641|
|-3.543545|
|-4.796472|
|-11.599580|
|-1.881842|
|-3.602006|
|1.660912|
|-18.811352|
|-5.272569|
|-171.886677|
|4.682291|
|-47.721763|
|-0.914346|
|5.191365|
|-4.065522|
|-8.329469|
|4.424311|
|-20.085215|
|-0.331189|
|16.493613|
|4.818845|
|-9.343696|
|-14.116577|
|-10.931314|
|-7.013879|
|19.520501|
|15.061975|
|175.178780|
|16.532245|
|0.614064|
|-24.706820|
|-0.048298|
|2.452709|
|-3.238973|
|-4.150493|
|2.986595|
|5.828962|
|-3.179584|
|-5.502908|
|4.377779|
|2.525339|
|-17.921918|
|-13.370794|
|3.309158|
|51.851775|
|3.807155|
|-8.806480|
|-5.641024|
|-22.494898|
|0.564495|
|2.440006|
|4.217163|
|12.147364|
|-6.834084|
|-3.961096|
|0.534661|
|3.946864|
|-5.503267|
|0.716587|
|3.114960|
|8.782921|
|2.973564|
|-27.658331|
|-5.232070|
|4.069148|
|-7.675256|
|5.710825|
|1.113258|
|-47.854852|
|-66.179582|
|-5.836190|
|-125.593495|
|-19.260722|
|2.730365|
|-11.562935|
|-1.339680|
|-6.460928|
|7.511504|
|-8.269684|
|101.546056|
|-3.316754|
|-0.506130|
|4.358437|
|-3.369071|
|6.488522|
|2.111760|
|3.287490|
|-6.336412|
|-5.082643|
|-1.257563|
|6.329055|
|-2.599002|
|5.237667|
|-4.005052|
|2.596838|
|43.549957|
|-12.268320|
|5.187558|
|6.169177|
|-7.741620|
|0.716711|
|-7.982509|
|-27.938778|
|-0.059690|
|1.755608|
|-11.146510|
|-5.088520|
|-3.866093|
|-7.416471|
|-9.442129|
|-3.742853|
|-8.195315|
|-5.635711|
|2.447305|
|-27.432209|
|-13.929790|
|9.142930|
|-9.263213|
|2.167549|
|-33.780888|
|-33.238766|
|9.888948|
|-6.691944|
|8.830323|
|-4.310702|
|-1.011580|
|1.133546|
|-3.334885|
|6.373650|
|-8.467524|
|-2.673942|
|5.934945|
|-5.746960|
|-3.950171|
|5.408826|
|5.710646|
|6.717823|
|9.765645|
|-7.108998|
|4.979794|
|2.611975|
|-2.984974|
|4.190272|
|7.113953|
|-36.802995|
|7.065290|
|-9.637437|
|6.473822|
|0.884991|
|-4.350398|
|-12.644503|
|4.620942|
|-6.565538|
|-1.630972|
|1.917834|
|-11.804382|
|-8.922886|
|5.377677|
|-1.356065|
|5.471505|
|-3.336858|
|-4.234789|
|-117.714867|
|2.309244|
|-3.595532|
|1.132461|
|-2.088660|
|-0.869650|
|-9.995440|
|-2.643054|
|-4.911515|
|-4.341484|
|-3.769402|
|-0.391148|
|16.063600|
|6.710115|
|-8.747070|
|6.846169|
|3.194619|
|-16.895908|
|1.833609|
|-41.823342|
|1.787230|
|-91.899500|
|-12.602051|
|-4.250695|
|1.941966|
|-11.064837|
|2.650542|
|8.644148|
|-38.763907|
|2.310624|
|-1.173017|
|1.761014|
|-7.539940|
|20.536561|
|0.589566|
|-1.688397|
|-6.203413|
|10.843646|
|11.694486|
|-13.029560|
|-7.152062|
|-83.128976|
|1.216589|
|-3.356382|
|-5.291236|
|-15.555270|
|2.504197|
|2.790530|
|8.664614|
|-6.007253|
|5.884034|
|-5.854653|
|5.030756|
|-47.437634|
|75.206937|
|-5.353221|
|-7.664300|
|4.308646|
|6.727954|
|-3.406186|
|30.595908|
|-0.478483|
|13.100942|
|18.678762|
|-3.717705|
|4.676053|
|-6.943019|
|2.854179|
|-10.385479|
|-5.106805|
|-0.665394|
|-7.196835|
|-1.262970|
|-19.521962|
|-83.363921|
|-1.780088|
|3.057869|
|2.608443|
|-2.105709|
|4.898905|
|8.559019|
|-6.606688|
|-5.302136|
|-1.990756|
|-0.016568|
|-2.579968|
|6.014873|
|5.411598|
|-4.124642|
|-7.480597|
|-7.500678|
|3.859110|
|5.972987|
|23.988134|
|0.100285|
|-5.157473|
|-532.498137|
|-19.433680|
|15.161547|
|-19.298296|
|-4.321092|
|6.671210|
|-0.144766|
|2.326786|
|-10.238396|
|-13.447498|
|-4.958553|
|-4.329495|
|16.072138|
|38.294539|
|22.229518|
|-11.688216|
|6.206715|
|-15.882893|
|-49.394444|
|-4.518131|
|-3.979296|
|5.471048|
|-8.095468|
|-7.215405|
|-0.272130|
|-0.734130|
|-3.804834|
|-6.007409|
|1.767061|
|1.943836|
|-7.718965|
|-7.277621|
|-2.232657|
|-8.016178|
|-4.691609|
|6.355105|
|-6.154510|
|-5.327141|
|-1.104821|
|-4.840540|
|-12.709272|
|-1.156100|
|-1.341981|
|11.177530|
|0.928295|
|13.541441|
|3.955278|
|5.344135|
|-7.229220|
|-4.652672|
|5.642264|
|-4.333510|
|-2.083350|
|127.044630|
|1.445714|
|-3.694713|
|1.795155|
|-12.409567|
|5.674513|
|-6.944898|
|12.827754|
|1.634097|
|16.629727|
|-13.029745|
|6.136307|
|6.400545|
|-6.426460|
|3.385098|
|0.008176|
|-8.469127|
|-12.201671|
|-6.158059|
|-5.910900|
|-7.304837|
|-8.224859|
|2.345764|
|-5.943610|
|-6.836372|
|-0.275969|
|-15.761248|
|-0.510394|
|1.022479|
|16.190796|
|21.268624|
|5.754791|
|5.358998|
|-8.952605|
|-5.055273|
|2.874566|
|-9.658888|
|3.417809|
|-12.043097|
|2.859063|
|-3.305891|
|-4.061557|
|-59.850957|
|-5.310494|
|-2.719728|
|-1.350097|
|-3.038477|
|0.333632|
|1.047886|
|-5.351064|
|8.406901|
|11.159049|
|1.750779|
|10.466505|
|1.659715|
|-8.496229|
|0.457808|
|-10.952753|
|1.710799|
|-4.094820|
|23.728462|
|6.649368|
|-6.890065|
|-1.685642|
|-1.784081|
|-1.765470|
|-5.981986|
|12.408018|
|0.836238|
|-0.322219|
|16.162705|
|0.497186|
|2.257601|
|-30.573293|
|3.153178|
|-8442.969820|
|8.499437|
|11.045252|
|6.027565|
|-7.702054|
|-5.760102|
|3.889028|
|6.004750|
|-2.442123|
|-15.707923|
|-2.241684|
|-18.590785|
|-21.393158|
|4.478491|
|3.176355|
|-3.053931|
|3.605005|
|3.377347|
|-5.278713|
|1.506544|
|2.136090|
|0.228803|
|0.035312|
|5.534489|
|49.700857|
|-3.312956|
|-7.450713|
|0.391345|
|14.970837|
|2.976761|
|-0.473249|
|-6.707066|
|-1.832742|
|-29.617535|
|4.546032|
|44.822100|
|5.325978|
|-80.059150|
|2.309074|
|325.279789|
|15.208959|
|-25.618128|
|-1.153051|
|4.222797|
|1.123595|
|-3.015061|
|-4.743349|
|1.661300|
|0.244572|
|3.610230|
|0.891740|
|4.695868|
|0.976449|
|0.850752|
|1.078838|
|-1.123179|
|17.411486|
|-2.090964|
|3.213446|
|-0.901029|
|-2.084360|
|-39.881926|
|-0.668494|
|22.647779|
|-4.478055|
|-2.432197|
|-3.302497|
|-8.350814|
|7.081961|
|1.886128|
|4.747746|
|23.846466|
|-0.431661|
|2.938403|
|-3.780791|
|-2.885432|
|2.742411|
|-17.771262|
|13.537610|
|-93.922425|
|-17.612382|
|7.702450|
|3.117581|
|-3.474219|
|0.122164|
|2.246936|
|-1.639790|
|-2.438770|
|-2.112728|
|23.691733|
|-0.104482|
|-2.241996|
|-1.738939|
|2.368186|
|5.862219|
|0.040780|
|-16.763077|
|-11.917911|
|18.887344|
|-1.364677|
|-13.097245|
|-3.233607|
|6.183264|
|-8.320127|
|5.311180|
|181.618480|
|4.146166|
|9.681036|
|-0.290047|
|-1.225558|
|-3.705997|
|-17.981640|
|7.287772|
|-0.529439|
|-16.594359|
|-2.505681|
|-1.895330|
|-78.034591|
|-5.735270|
|-6.894920|
|-74.979103|
|-0.679888|
|-13.559268|
|-3.458443|
|0.916287|
|-7.072780|
|24.852733|
|1.539198|
|-5.704123|
|6.065615|
|-0.166356|
|1.237958|
|-5.576511|
|-14595.201485|
|-1.173066|
|-6.468195|
|96.985378|
|-5.346358|
|-8.699103|
|10.370828|
|-2.497520|
|-9.114706|
|1.989558|
|3.303783|
|-20.131107|
|3.499000|
|-6.641210|
|-2.092704|
|-2.914833|
|-2.301778|
|-2.018601|
|-11.824065|
|-26.550340|
|-9.752643|
|-0.530592|
|-3.435000|
|-6.996820|
|1282.439049|
|192.058447|
|13.162971|
|3.738713|
|-1.242305|
|26.247507|
|-17.863846|
|3.355062|
|-4.853777|
|-1.583483|
|114.316828|
|-8.760093|
|0.589291|
|-9.033606|
|-3.087770|
|8.602750|
|-0.765072|
|-5.691660|
|-11.845589|
|-14.322988|
|-0.953518|
|12.536260|
|-18.069814|
|3.972311|
|-8.462415|
|5.823834|
|-4.114440|
|-18.638845|
|-2.936003|
|6.350531|
|-12.568409|
|-2.847038|
|-4.475171|
|-8.303401|
|-41.824185|
|-0.584162|
|-1.514510|
|-29.525305|
|23.448130|
|5.769499|
|5.761665|
|-3.610917|
|-9.175738|
|-11.579633|
|-69.834456|
|-8.656245|
|-27.546666|
|-3.170508|
|-3.892610|
|-6.342448|
|-3.308820|
|-4.796624|
|-136.688869|
|2.570219|
|-6.274530|
|1.594105|
|-9.714133|
|-193.224996|
|4.627205|
|3.628984|
|-41.007283|
|-0.529098|
|-6.284782|
|-11.548847|
|-1.156013|
|5.681689|
|-2.920666|
|-19.003752|
|0.478508|
|1.820478|
|-9.441057|
|6.201050|
|2.728122|
|5.110229|
|-0.290586|
|-2.624038|
|-28.828256|
|85.809809|
|-3.069415|
|-7.216105|
|-43.906273|
|-14.548891|
|0.065986|
|2.944528|
|-2.129628|
|7.949991|
|-3.143930|
|-13.773553|
|-3.991461|
|-3.574688|
|-7.513441|
|-1.784657|
|-6.203870|
|4.150297|
|1.995825|
|-8.182458|
|8.625091|
|-12.783505|
|-7.005784|
|-0.982944|
|-7.549078|
|2.318996|
|66.806003|
|-2.824555|
|-33.565835|
|-3.939962|
|8.765643|
|-8.062664|
|-5.671335|
|0.474126|
|-0.170511|
|5.057164|
|3.676246|
|-2.078212|
|-1.988974|
|11.044800|
|-2.188805|
|-15.716670|
|5.786550|
|-13.540042|
|-9.923072|
|3.170462|
|3.015361|
|-2.362829|
|6.561046|
|2.968838|
|-3.943860|
|40.212597|
|1.675264|
|10.900933|
|-4.711676|
|5.347802|
|5.182440|
|1.729555|
|5.868643|
|1.604076|
|-10.048897|
|2.176748|
|-4.380249|
|3.444631|
|5.831327|
|-1.439601|
|1.849807|
|0.326356|
|4.263561|
|-0.110547|
|-5.447927|
|-13.270406|
|5.391263|
|14.707707|
|-7.472503|
|3.054469|
|1.377969|
|2.528652|
|-4.613939|
|-3.494322|
|-25.569997|
|-12.480995|
|-4.077600|
|-0.295365|
|20.915977|
|-0.902695|
|-5.251909|
|5.013088|
|-1.047311|
|-14.623462|
|-7.944420|
|-9.317414|
|1.868357|
|3.788731|
|6.473217|
|3.733713|
|-0.998574|
|-5.035176|
|0.284909|
|7.159834|
|-0.287719|
|-5.266158|
|2.524483|
|-20.695368|
|-1.331176|
|-2.496927|
|10.319396|
|0.125446|
|-1.510346|
|-3.837591|
|83.812104|
|-0.626652|
|-0.654151|
|26.953487|
|-12.689652|
|-14.051376|
|4.724020|
|-7.283676|
|3.000719|
|-3.892836|
|4.065544|
|18.842871|
|6.161800|
|-3.338431|
|-2.730928|
|-0.679019|
|-6.352053|
|-17.988863|
|-1.078939|
|-107.809291|
|-0.237775|
|-187.762014|
|0.873919|
|0.199452|
|-1.195527|
|-10.595836|
|3.936730|
|-3.908856|
|-7.345563|
|7.193432|
|-11.229311|
|28.379265|
|4.469775|
|-86.762676|
|37.301708|
|-2.663486|
|1.808386|
|-24.890384|
|-2.189477|
|-6.572576|
|-1.564508|
|-8.489997|
|-10.536950|
|-49.501142|
|36.289468|
|-7.225393|
|-11.058253|
|-7.049093|
|-48.365936|
|2.541301|
|-7.114168|
|-8.852499|
|0.989015|
|8.020937|
|-2.259928|
|6.428823|
|18.483764|
|-3.898083|
|-8.380504|
|-1.207643|
|4.515176|
|-0.110436|
|1.283874|
|-7.376654|
|5.000587|
|-3.347176|
|-7.389764|
|-8.095839|
|-16.418346|
|-22.658902|
|-26.052381|
|-30.120839|
|5.054116|
|-16.101424|
|0.011293|
|-11.832470|
|3.639714|
|-4.099426|
|2.767310|
|4.538654|
|-16.082864|
|-10.371907|
|-7.354649|
|4.515169|
|-25.504143|
|-0.536350|
|-144.498909|
|12.999836|
|-9.018005|
|-2.963725|
|-3.971021|
|6.003241|
|5.781780|
|13.236390|
|-0.586848|
|-2.010201|
|-75.500081|
|-1.090655|
|1.883683|
|4.578421|
|-3.853760|
|-6.268841|
|-28.889722|
|-17.539533|
|-5.667826|
|3.605691|
|4.387680|
|-2.304830|
|0.772128|
|-4.330485|
|4.219450|
|-20.050023|
|4.920318|
|-5.217367|
|3.454919|
|2.048767|
|-12.661307|
|-10.182980|
|-6.630357|
|-5.625663|
|-20.041097|
|-0.253036|
|-12.720332|
|-4.896886|
|5.176547|
|3.131081|
|-2.473467|
|-2.774168|
|4.477398|
|-4.192001|
|-6.571187|
|32.233967|
|-8.983341|
|2.346063|
|-6.212888|
|-8.491609|
|-19.167731|
|3.808214|
|-2.251889|
|-18.351530|
|-3.720527|
|-16.732846|
|-6.066941|
|6.022591|
|6.566052|
|-6.582268|
|0.787231|
|4.199512|
|-1.858743|
|-0.602505|
|-5.586258|
|-5.406101|
|-5.113897|
|5.866896|
|1.270441|
|-184.523374|
|0.598828|
|6.827618|
|4.134868|
|-6.666401|
|2.900752|
|4.737302|
|-2.335323|
|7.974338|
|-4.955324|
|21.550721|
|3.611594|
|-1.435483|
|11.934125|
|-1.884223|
|5.789279|
|-2.162644|
|27.349932|
|2.578124|
|0.152665|
|12.621532|
|6.169600|
|28.446115|
|7.258260|
|-6.240646|
|-20.148177|
|15.938784|
|12.992253|
|-9.582050|
|-2.662599|
|7.850974|
|-6.672726|
|-10.723105|
|4.268149|
|1.938821|
|3.428445|
|-3.353969|
|4.641024|
|-6.679027|
|-19.021496|
|-5.441265|
|-103.387360|
|0.188091|
|-7.250102|
|-1.190424|
|4.187661|
|0.937597|
|-0.023076|
|15.058092|
|-1.844773|
|-9.109143|
|0.120509|
|12.110370|
|-1.701670|
|4.898783|
|-51.227695|
|5.403405|
|-6.493411|
|0.841397|
|0.701650|
|2.164486|
|0.545876|
|0.470657|
|7.983851|
|-0.622328|
|-2.256519|
|-6.368977|
|4.131056|
|3.240223|
|1.340253|
|-0.890548|
|4.357367|
|-4.690055|
|3.222076|
|-9.571472|
|4.497326|
|-2.272951|
|0.775197|
|-15.214531|
|13.644755|
|-20.311008|
|9.565892|
|-18.018537|
|146.405275|
|47.242777|
|-22.847839|
|-2.990936|
|6.296829|
|-0.882832|
|-65.106475|
|-0.935144|
|-97.358564|
|-14.110085|
|-6.298730|
|5.862093|
|20.315126|
|-5.203672|
|-26.831991|
|3.026461|
|-5.378449|
|-7.092100|
|4.646211|
|-217.085222|
|15.143747|
|0.997730|
|-8.928931|
|-21.006833|
|-2.601665|
|4.039566|
|-3.889014|
|9.163713|
|-4.432152|
|1.442738|
|-9.745223|
|3.594946|
|2.371297|
|-5.286643|
|4.265308|
|-6.411251|
|-2540.813714|
|-13.690715|
|7.565325|
|1.616750|
|-4.381919|
|1.045172|
|3.848498|
|10.463784|
|-7.072151|
|-10.975317|
|1.497096|
|-2.372945|
|-5.574019|
|3.557328|
|-83.581261|
|-5.876418|
|-4.021540|
|-0.577182|
|-3.994252|
|12.071549|
|-22.452913|
|5.926490|
|-9.021557|
|-1.132811|
|-22.912242|
|-2.563552|
|-29.612258|
|0.310124|
|-3.977087|
|-7.588878|
|10.435953|
|10.260672|
|-8.647500|
|3.125240|
|-0.511756|
|11.477324|
|-7.097055|
|-0.022298|
|-4.076274|
|9.743046|
|1.594119|
|-5.478103|
|3.987237|
|-168.461212|
|-2.792678|
|18.007469|
|-1.346549|
|2.401746|
|-8.033994|
|7.746514|
|-9.693630|
|-7.049374|
|-4.544315|
|11.233913|
|-4.859483|
|4.157832|
|-5.905119|
|-6.687892|
|-2.130958|
|1.562926|
|-1.907990|
|-0.285733|
|-8.680290|
|7.786450|
|0.244522|
|-6.389343|
|0.334126|
|2.006207|
|-9.462871|
|-3.486952|
|-2.349051|
|-5.232241|
|-2.438127|
|16.410170|
|3.192922|
|-22.407026|
|3.963368|
|139.674862|
|1.661736|
|-5.394241|
|-15.888423|
|47.605608|
|2.229223|
|-1.687385|
|-2.405157|
|-73.378892|
|-22.934307|
|19.283288|
|-13.515450|
|-7.947827|
|-8.071663|
|3.249758|
|28.942947|
|5.800184|
|-236.949725|
|-11.548430|
|-50.429027|
|6.834535|
|3.099752|
|-36.406080|
|0.487570|
|7.662117|
|15.956316|
|-4.203334|
|0.961809|
|2.922440|
|-10119.801413|
|-4.017091|
|-3.588495|
|-3.742531|
|-4.928281|
|7.529169|
|-8.496132|
|172.856127|
|-10.894670|
|-2.375295|
|-3.893347|
|-24.206667|
|-5.585841|
|4.202861|
|24.479443|
|-9.818683|
|-14.710776|
|0.911141|
|2.318941|
|5.054713|
|8.740971|
|-7.393264|
|-5.976937|
|6.429231|
|-11.525170|
|3.819539|
|-5.667057|
|4.208889|
|4.949020|
|-9.096038|
|-7.691660|
|19.116514|
|-10.585785|
|15.283321|
|-0.566387|
|-2.142517|
|3.795566|
|-0.037443|
|2.259281|
|-8.092133|
|-9.538482|
|20.644876|
|1.471062|
|2.220109|
|0.140603|
|1.652878|
|0.205687|
|12.566809|
|-38.450610|
|1.671029|
|-5.175349|
|-8.481260|
|52.027452|
|-7.097193|
|4.752220|
|-7.176587|
|-11.391328|
|-65.182577|
|-179.747909|
|-8.656553|
|-49.918601|
|2.141649|
|2.373255|
|-16.555555|
|-8.205998|
|-3.111889|
|0.742601|
|-3.183533|
|-10.526672|
|-34.890207|
|-2.749531|
|-27.180901|
|-8.810953|
|9.395420|
|-62.404606|
|-9.089630|
|-11.124732|
|-1.966024|
|11.775652|
|-7.854220|
|0.427371|
|4.702816|
|6.567411|
|-9.753925|
|-28.947000|
|-5.106452|
|1.337810|
|-10.359808|
|10.047990|
|25.689308|
|0.415490|
|10.159689|
|-137.508267|
|0.027387|
|29.700572|
|-2.326279|
|2.910772|
|-8.906779|
|-5.594140|
|-2.846411|
|-3.225236|
|-6.994813|
|-22.207466|
|0.335866|
|-11.641681|
|-1.483845|
|6.170765|
|-12.705960|
|-2.115593|
|-2.906063|
|11.007358|
|40.038885|
|2.382258|
|1.055356|
|-4.918739|
|-1.836335|
|26.214177|
|-2.412979|
|-5.296189|
|-7.326718|
|-15.611548|
|2.340918|
|-7.818648|
|-2.208382|
|-5.240225|
|-8.227404|
|2.327054|
|-7.616999|
|15.384692|
|-1.611432|
|-11.720653|
|-14.261207|
|-0.195866|
|6.218835|
|-8.581989|
|11.621249|
|-9.729014|
|-1.549974|
|-28.158287|
|-2.111628|
|18.257965|
|-11.755709|
|12.355772|
|5.454615|
|-2.598918|
|23.263549|
|-4.758557|
|-19.076642|
|1.927690|
|1.458582|
|-5.798084|
|-5.989730|
|-0.676274|
|-8.773566|
|-4.122710|
|4.155766|
|5.639940|
|-2.596686|
|-4.593405|
|0.320082|
|-6.038117|
|7.634934|
|-5.330515|
|-13.025403|
|-4.478083|
|-11.410156|
|0.232921|
|18.465328|
|-16.713242|
|-7.152262|
|-0.238291|
|1.478078|
|-6.973092|
|-17.143018|
|-4.791650|
|-458.378660|
|-19.669256|
|-17.887534|
|38.255449|
|-16.050897|
|-1.900042|
|-9.392579|
|-18.127435|
|62.140508|
|10.780329|
|-146.495714|
|2.995612|
|-27.544885|
|-5.531850|
|0.596029|
|-19.063028|
|5.504939|
|3.007830|
|-3.376983|
|7.298346|
|6.196774|
|0.742113|
|-215.230329|
|8.727418|
|17.675776|
|-2.038379|
|6.634257|
|-3.992390|
|-2.067124|
|-5.364812|
|7.779036|
|-4.090865|
|3.805252|
|-140.829080|
|-10.646784|
|-25.411299|
|3.307461|
|-6.774236|
|-20.123039|
|-3.215394|
|12.274855|
|-4.069114|
|15.572753|
|-2.483423|
|-0.149115|
|10.316098|
|13.177703|
|1.577325|
|0.110487|
|3.215931|
|-1.198144|
|1.067033|
|-1.031875|
|12.799219|
|-0.063907|
|-29.314639|
|3.759594|
|0.454301|
|1.385068|
|6.847009|
|12.116237|
|10.170420|
|3.083068|
|-3.536674|
|-5.640319|
|1.704354|
|9.220855|
|21.473124|
|-42.311379|
|3.645272|
|5.418710|
|-38.462505|
|-2.094219|
|-1.655424|
|-1.889750|
|-3.676091|
|-4.956513|
|-4.331272|
|2.069708|
|0.230256|
|-2.853163|
|-6.544661|
|180.158491|
|9.232511|
|-32.312391|
|-44.768084|
|-5.302805|
|6.589625|
|-28.134853|
|-1.034659|
|-31.998084|
|-73.289355|
|-1.965007|
|-3.683117|
|11.033165|
|-9.201718|
|3.570836|
|-3.363143|
|1.861338|
|-7.524812|
|-2.433215|
|-7.421593|
|-7.572282|
|-3.488241|
|-4.456318|
|-6.260373|
|-4.643152|
|-4.480592|
|0.655491|
|-2.961628|
|-16.880469|
|-2.881852|
|-17.420299|
|-5.870347|
|-0.985460|
|-9.265328|
|13.232718|
|0.785338|
|-5.907968|
|-6.240951|
|2.287201|
|0.386471|
|69.253678|
|-17.494968|
|6.051102|
|3.033725|
|-1.088675|
|-3.300236|
|-7.142302|
|9.610689|
|-3.140242|
|0.007882|
|-53.513250|
|0.059508|
|-4.920738|
|7.788652|
|-49.735974|
|-4.648859|
|-0.026486|
|1.428216|
|1.675048|
|-9.155009|
|-4.408438|
|16.005524|
|-7.980778|
|-1.448270|
|-40.728835|
|-19.156557|
|8.149309|
|-6.613034|
|3.023298|
|-6.183143|
|-1.063022|
|-26.917639|
|-0.665385|
|-6.107419|
|-6.521043|
|-0.767520|
|6.062757|
|-37.015879|
|5.810773|
|-6.778191|
|0.191357|
|3.464793|
|-9.563865|
|-6.100158|
|-19.141696|
|-17.275521|
|40.705551|
|-0.295631|
|5.278078|
|9.186326|
|2.948379|
|0.655481|
|-73.551657|
|-24.818701|
|-16.610509|
|-2.170178|
|-10.639167|
|0.959584|
|7.942869|
|-5.754560|
|-12.944693|
|2.110357|
|-1.657746|
|-81.200629|
|-0.797379|
|-6.991630|
|-5.132613|
|-3.122202|
|-3.913892|
|5.752430|
|-6.917755|
|-10.831853|
|-6.425480|
|-445.916102|
|2.688273|
|6.167401|
|1.335484|
|3.071231|
|0.565668|
|0.104942|
|-5.534459|
|-2.502708|
|-5.566522|
|6.166289|
|1.318293|
|-2.642516|
|-6.016864|
|8.404050|
|-1.248647|
|0.914793|
|-2.296552|
|9.277027|
|3.861845|
|-37.955931|
|1.919973|
|-2.583592|
|0.690547|
|-17.093088|
|-212.138098|
|3.395017|
|-5.770581|
|-13.510321|
|-18.868251|
|-5.838439|
|21.320908|
|-1.645999|
|0.956212|
|121.009487|
|0.122462|
|-2.624709|
|-14.501390|
|2.156704|
|5.143034|
|-12.648579|
|-7.663951|
|-3.661840|
|-17.255020|
|7.234716|
|16.911870|
|-55.804528|
|6.867782|
|0.726324|
|-6.216507|
|5.409863|
|5.575163|
|6.963192|
|6.324889|
|0.656767|
|-7.132415|
|-4.154083|
|2.563093|
|-44.506421|
|-0.342582|
|-8.149703|
|-5.997329|
|6.724011|
|2.514872|
|-5.056045|
|4.524258|
|9.827229|
|-2.952918|
|-6.539877|
|-5.046890|
|13.256229|
|-1.019361|
|-3.132026|
|7.590836|
|-15.065201|
|-8.542899|
|-4.821204|
|-20.569422|
|-0.854098|
|5.057575|
|-23.926742|
|-13.247527|
|126.525667|
|139.547965|
|-1.332865|
|-12.877830|
|-0.269644|
|-44.611963|
|-4.258321|
|2.520432|
|-3.931770|
|5.185536|
|89.857644|
|0.434634|
|19.983524|
|-12.963862|
|6.037183|
|-6.559430|
|-4.499407|
|-7.185276|
|12.340101|
|-3.350449|
|-0.674371|
|-0.576997|
|5.503351|
|-1.657806|
|10.423228|
|5.166712|
|-4.260680|
|7.189769|
|10.215328|
|-5.004172|
|-3.618903|
|0.463710|
|-4.908815|
|-1.467473|
|7.575121|
|0.762821|
|-3.879615|
|1.876433|
|-11.026317|
|-34.795885|
|0.784749|
|-6.547874|
|-1.232742|
|-47.891466|
|-37.968039|
|-11.864171|
|-10.086708|
|8.520057|
|-2.831621|
|-2.429284|
|-7.036512|
|0.148329|
|2.268758|
|-12.835787|
|-6.023781|
|-1.481765|
|-9.209629|
|0.912576|
|-20.835795|
|4.665099|
|-3.726644|
|-1.733012|
|1.549149|
|2.242214|
|-1.410716|
|-8.620718|
|-5.446799|
|0.832672|
|6.187120|
|-2.273380|
|-12.798897|
|-62.848257|
|-4.547841|
|5.660314|
|-14.395156|
|0.849830|
|-2.341080|
|-0.834634|
|2.071968|
|0.509313|
|15.609480|
|2.673551|
|-10.106613|
|-11.085572|
|-6.007903|
|1.247797|
|-5.466727|
|-208.988574|
|-1.607375|
|-16.705608|
|-17.948604|
|-2.540958|
|5.790709|
|0.109305|
|-3.276678|
|-10.254245|
|-3.915048|
|3.806702|
|5.004854|
|-2.248795|
|-25.835776|
|-2.351666|
|-11.651500|
|-3.284571|
|1.084001|
|-10.056485|
|18.124367|
|51.602978|
|10.073784|
|3.915771|
|-18.195698|
|29.085972|
|-7.950509|
|10.580188|
|-37.535541|
|1.498772|
|-118.060747|
|-13.502646|
|2.373112|
|3.549856|
|-7.463706|
|-17.218078|
|-8.278318|
|-13.375623|
|2.445787|
|1529.640305|
|-4.940230|
|3.054651|
|-34.591886|
|3.348913|
|-8.536817|
|-2.251685|
|-2.298876|
|-2.342012|
|1.505712|
|-2.643073|
|11.841381|
|-7.465344|
|-5.672676|
|-33.886903|
|4.510181|
|-25.805220|
|6.705682|
|-1.471800|
|-6.414628|
|-133.776694|
|-5.013272|
|-8.579840|
|2.025026|
|-14.379369|
|-17.153770|
|-1.516856|
|2.506065|
|0.117810|
|-12.506676|
|-2.242119|
|0.396069|
|-30.147071|
|34.672404|
|2.800660|
|-8.086682|
|0.020384|
|-6.360960|
|2.000494|
|-16.296588|
|-6.294754|
|-24.752796|
|3.947508|
|-4.126124|
|3.043640|
|-6.678094|
|-5.028821|
|-8.940429|
|107.962002|
|-3.435032|
|19.918513|
|5.993637|
|-1.790748|
|74.607048|
|-115.765836|
|-0.891831|
|2.441492|
|-10.116835|
|0.434795|
|-2.202867|
|-4.032226|
|9.374645|
|8.111226|
|4.193891|
|-3.435721|
|-139.790803|
|-1.086259|
|3.315655|
|-6.364030|
|-2.316286|
|-44.720310|
|-0.829371|
|-16.090163|
|-3.857633|
|1.734318|
|-7.205608|
|-3.776607|
|51.467580|
|-26.952674|
|-3.461438|
|3.191290|
|-8.572876|
|-2.036021|
|3.283140|
|4.477297|
|2.317071|
|-17.693190|
|6.364222|
|-16.725692|
|-3.301513|
|2.071300|
|1.606422|
|-3.107967|
|-0.260767|
|-76.613055|
|-26.387574|
|-3.231419|
|2.992239|
|-0.338235|
|-3.396682|
|-6.050856|
|42.962315|
|1.971460|
|49.628576|
|-27.729653|
|0.742245|
|-0.763073|
|-26.769706|
|-1.427429|
|-2.108544|
|-7.092344|
|-12.398458|
|-1.082588|
|-43.497898|
|6.345177|
|-1.557695|
|-7.454656|
|-9.239472|
|5.024398|
|-10.487908|
|2.098746|
|-200.011756|
|0.467392|
|0.603751|
|-7.696007|
|-23.739318|
|2.023443|
|-100.615674|
|-197.415683|
|-0.848545|
|-5.073040|
|2.075937|
|-8.348224|
|0.354424|
|2.635592|
|-18.630301|
|-21.113394|
|18.172653|
|-14.453245|
|-38.179155|
|-5.994131|
|-14.979337|
|-0.013126|
|-0.242714|
|-5.557717|
|1.766063|
|-8.844043|
|-3.519698|
|43.261767|
|-49.850717|
|4.426200|
|-5.115837|
|-0.792825|
|-9.786787|
|25.147924|
|-2.037058|
|-3.388954|
|-2.117050|
|37.317964|
|7.528912|
|11.377624|
|5.143850|
|-1.756318|
|-4.745963|
|-53.766929|
|-5.927966|
|-5.527177|
|-12.167644|
|-825.775864|
|-6.311347|
|-7.375701|
|0.366239|
|-1.420865|
|696.838212|
|-8.701813|
|6.297381|
|-8.850226|
|1.956711|
|-10.171505|
|-55.474438|
|4.718637|
|-24.341707|
|48.699510|
|-11.628323|
|-0.366322|
|-4.155656|
|-13.981005|
|-2.617689|
|2.452217|
|-6.412506|
|-2.852210|
|-2.082463|
|2.570442|
|3.532937|
|14.632817|
|-4.720589|
|192.148959|
|-106.846600|
|4.302001|
|-3.571612|
|-3.783335|
|-4.272914|
|1.864935|
|-0.182069|
|-29.956430|
|-1.735546|
|-8.679607|
|-5.591543|
|-0.090779|
|-7.433286|
|-6.482113|
|-4.696913|
|-6.306562|
|3.202032|
|-3.076050|
|-2.475964|
|-0.834291|
|0.431386|
|5.625868|
|-3.447299|
|-1.802188|
|-4.321176|
|0.384498|
|7.209529|
|-6.254640|
|-41.847879|
|-6.470669|
|-11.121236|
|-4.814504|
|0.336638|
|-24.574353|
|-7.529291|
|-0.571791|
|-3.767083|
|-5.339646|
|9.813701|
|-3.320106|
|-6.878532|
|-14.686773|
|4.598313|
|11.767841|
|-11.687138|
|3.200509|
|53.924142|
|1.499161|
|8.551614|
|-1.400745|
|-1.754248|
|-2.444266|
|4.257720|
|2.619046|
|3.092865|
|0.341043|
|3.317657|
|6.798719|
|-6.782828|
|5.196900|
|2.376178|
|1.607171|
|-16.528606|
|-5.356407|
|-0.978096|
|-4.831800|
|0.449719|
|-3.173062|
|-28.582324|
|-0.713682|
|-50.065765|
|-3.026743|
|7.683739|
|1.468557|
|-2.210143|
|-7.440765|
|-5.452171|
|-94.307087|
|-3.896732|
|-3.635972|
|-5.002588|
|8.927251|
|-11.353381|
|-1.442672|
|-2.421464|
|-10.252007|
|-11.921794|
|6.098425|
|5.851648|
|18.699768|
|4.774674|
|-2.660751|
|-15.767275|
|-20.815011|
|-0.275537|
|-36.511938|
|-0.543264|
|-1.587825|
|-2.822249|
|-4.586889|
|-6.518818|
|1.231848|
|-9.790957|
|-0.152406|
|-19.382278|
|-4.344433|
|1.264866|
|-1.197000|
|-2.007461|
|6.923993|
|-2.330356|
|-3.770696|
|-5.491895|
|-130.058481|
|-10.403049|
|-2.306076|
|4.750467|
|16.347788|
|3.408958|
|-0.028422|
|-8.114323|
|-8.125019|
|-9.065660|
|5.392309|
|4.033136|
|-4.671199|
|4.452574|
|-22.875906|
|11.635624|
|-0.784133|
|4.183986|
|-7.447835|
|-7.682491|
|0.425493|
|11.297800|
|0.812112|
|-2.612106|
|-30.149170|
|6.507618|
|-3.516261|
|7.413437|
|13.514119|
|-7.715694|
|-6.513676|
|-0.874653|
|-5.091752|
|-179.917435|
|1.970061|
|1.111981|
|5.882997|
|7.171919|
|-2.131383|
|2.243321|
|-1.259724|
|6.970711|
|-6.880475|
|4.428586|
|-6.867346|
|44.180829|
|13.536674|
|-4.354826|
|2.104340|
|3.266276|
|3.624294|
|-17.837547|
|3.498813|
|-0.185796|
|6.759898|
|-14.513027|
|-24.765926|
|8.105844|
|0.236743|
|-4.692002|
|6.410930|
|2.785330|
|4.568675|
|4.989381|
|2.675093|
|-23.114339|
|-5.954469|
|3.366991|
|3.718098|
|2.725570|
|1.663445|
|1.310636|
|-5.619933|
|0.834686|
|0.088240|
|-5.985575|
|-5.856644|
|-5.131203|
|-2.900706|
|7.964180|
|-2.011039|
|1.849903|
|1.916054|
|-4.341690|
|-11.805883|
|-9.201432|
|-2263.729793|
|-21.049663|
|-5.077791|
|-29.448005|
|-4.631172|
|-5.564668|
|-16.456639|
|5.724968|
|-7.220243|
|-3.613480|
|12.220528|
|-7.583187|
|3.415506|
|-4.557611|
|-3.137700|
|-19.800459|
|2.545713|
|-13.070386|
|-6.129828|
|-3.833612|
|-7.414942|
|4.738198|
|9.196026|
|-19.033621|
|2.191429|
|12.169666|
|-9.647880|
|-4.300518|
|-17.654090|
|-15.538783|
|-4.631847|
|-26.139325|
|-4.265658|
|6.379126|
|4.298011|
|8.627572|
|6.217931|
|2.196463|
|-11.388760|
|-10.233005|
|-5.967771|
|6.102813|
|-14.901008|
|-11.862030|
|-13.378734|
|-4.775949|
|-13.369210|
|-8.248530|
|9.417223|
|20.288848|
|-4.225228|
|-0.239434|
|24.994852|
|-1.140153|
|-10.830089|
|-4.316678|
|42.054791|
|10.809909|
|-16.675994|
|15.771781|
|6.182071|
|-1.185943|
|-13.307803|
|9.488461|
|-10.794687|
|-11.574692|
|0.462018|
|-526.370054|
|56.689304|
|-3.926269|
|2.780997|
|-0.834101|
|-1.259144|
|-14.248708|
|10.287512|
|-0.900063|
|1.269494|
|-5.229021|
|-32.819229|
|-6.988037|
|-1.621906|
|-4.260222|
|-7.356361|
|-4.576402|
|-5.356607|
|-4.534687|
|3.987081|
|3.727751|
|6.826589|
|-3.374353|
|-11.653772|
|8.545912|
|2.129986|
|7.552180|
|-18.165639|
|2.502721|
|-4.608328|
|-14.222824|
|4.512786|
|-5.736911|
|5.842018|
|-0.361990|
|-4.868716|
|-4.985715|
|-0.967801|
|-11.594106|
|4.873121|
|-8.359503|
|21.362869|
|-10.985219|
|4.072999|
|231.480185|
|2.012820|
|-12.565055|
|-4.067032|
|-71.075747|
|31.490320|
|-2.812744|
|9.443612|
|-6.034246|
|-1.344713|
|31.012535|
|-2.427715|
|-30.445195|
|91.523716|
|-5.206869|
|6.590796|
|-0.550374|
|-9.062528|
|4.993535|
|-4.902055|
|-59.572550|
|-22.935576|
|-15.102336|
|10.847739|
|-10.305998|
|-2.136336|
|-1.107328|
|3.371018|
|-19.260845|
|-41.091521|
|-5.877326|
|-303.160884|
|12.529518|
|2.954178|
|-2.268526|
|-14.887614|
|-0.361271|
|0.026759|
|-14.843158|
|-4.274390|
|-9.644065|
|20.897821|
|-33.508685|
|2.174934|
|-3.863243|
|-6.624567|
|23.738298|
|-5.882688|
|1.717065|
|-3.211742|
|3.298924|
|-737.094444|
|-6.854795|
|-7.306805|
|-4.300464|
|-112.558278|
|-7.401758|
|-10.766590|
|1.313529|
|8.584727|
|-9.084940|
|-5.745776|
|-1.960830|
|4.190217|
|-10.198267|
|-13.443067|
|-6.217000|
|-0.555977|
|9.007804|
|4.987896|
|-4.248004|
|-2.483769|
|-5.812289|
|-15.423403|
|167.872999|
|7.704533|
|4.803904|
|-2.443479|
|-1.330498|
|-105.977842|
|7.855622|
|7.248216|
|10.792189|
|11.022759|
|120.176790|
|3.870286|
|12.523841|
|-4.228171|
|-13.299693|
|-6.398463|
|-7.532428|
|-2.027458|
|-4.370054|
|6.436700|
|-9.274440|
|-56.718807|
|-0.695258|
|3.131897|
|8.511608|
|-17.442201|
|-2.408207|
|176.482786|
|47.407746|
|37.800817|
|-2.287915|
|-126.943316|
|20.151128|
|-26.995697|
|6.000217|
|-11.461020|
|-157.744702|
|-0.787090|
|-7.472032|
|51.678722|
|-0.233306|
|4.153136|
|0.657559|
|0.999818|
|-2.734594|
|0.090972|
|2.176953|
|-9.827506|
|-1.363965|
|-29.694971|
|2.138170|
|-10.459488|
|-4.533094|
|-1.251674|
|-1.750977|
|-15.837276|
|-17.452093|
|-11.810549|
|0.043618|
|3.452023|
|-0.765825|
|-3.219618|
|-7.373260|
|3.385701|
|-1.350783|
|-6.712782|
|-3.580468|
|3.868927|
|3.385767|
|6.084240|
|7.557945|
|-8.598156|
|1.418821|
|-5.176474|
|108.056119|
|-0.154469|
|41.647652|
|-117.440108|
|4.438590|
|3.455034|
|-2.772257|
|-6.713582|
|0.366749|
|0.486223|
|0.260125|
|-0.642835|
|1.130357|
|2.135291|
|-2.151260|
|-1.956625|
|-9.504631|
|7.545240|
|-1.676230|
|-1.561545|
|-5.350394|
|-3.292944|
|5.736317|
|2.469554|
|1.177518|
|-4.148007|
|-1.305400|
|-7.209994|
|37.469875|
|-82.872591|
|-15.046821|
|-0.348027|
|-4.295486|
|-12.615832|
|-12.979079|
|0.825435|
|2.732342|
|-23.165465|
|-2.968720|
|-16.585040|
|52.222594|
|2.640539|
|-14.838159|
|-0.319336|
|2.956806|
|-24.124868|
|-3.844284|
|-6.007870|
|-7.430277|
|0.311911|
|-16.296234|
|-0.579607|
|10.755245|
|-1.806800|
|19.529181|
|-890.327193|
|-3.002994|
|-3.543577|
|-2.783117|
|-7.156980|
|5.390665|
|-6.978934|
|-1.726626|
|5.503699|
|33.973631|
|-1.720561|
|-6.749627|
|-2.881158|
|-0.912920|
|-31.317728|
|-10.496264|
|1.090937|
|-5.506907|
|5.032819|
|-4.029217|
|-2.523145|
|-149.010152|
|0.799902|
|-9.226142|
|1.245807|
|-2.879490|
|-4.345144|
|-2.286836|
|-16.100780|
|-7.420888|
|-4.621630|
|-9.391240|
|-11.900322|
|2.346596|
|-4.425160|
|-0.391791|
|3.971400|
|4.875390|
|2.498273|
|-10.164760|
|-1.492274|
|-3.478977|
|5.261162|
|2.153079|
|-1.195124|
|5.000599|
|1.085885|
|6.448947|
|-2.187083|
|37.531804|
|-6.579667|
|-9.503920|
|-1.199795|
|-8.300403|
|10.832377|
|-1.651474|
|-52.281514|
|4.215765|
|-7.658840|
|-7.376454|
|-3.579042|
|12.075764|
|4.491768|
|-50.705957|
|3.316276|
|9.640495|
|5.876257|
|-16.758340|
|-0.990691|
|2.012321|
|0.573118|
|44.552614|
|-1.140362|
|2.525003|
|-12.652829|
|19.620627|
|-8.166835|
|-2.267528|
|4.996670|
|-0.164217|
|1.238797|
|1.090909|
|-5.657687|
|1.723852|
|4.096093|
|94.652735|
|1.090895|
|-7.158587|
|-72.334589|
|-3.386919|
|-4.810342|
|3.755650|
|9.251303|
|-6.427082|
|8.495117|
|1.087920|
|-20.930641|
|-15.956820|
|0.150059|
|0.432944|
|-1.292571|
|36.735939|
|4.665498|
|-2.240940|
|-3.729387|
|-35.976327|
|2.737943|
|-48.442139|
|96.711043|
|-6.688657|
|-32.899375|
|2.857465|
|-37.243864|
|-2.892340|
|-2.102773|
|-22.114124|
|0.617196|
|-5.981815|
|-7.514329|
|0.266047|
|5.415615|
|3.543666|
|1.541621|
|-11.335935|
|-0.072627|
|13.928397|
|-9.598685|
|-3.144172|
|-6.040201|
|-4.116439|
|-15.628229|
|33.297538|
|9.296284|
|2.574382|
|21.590490|
|7.362220|
|-0.752186|
|-12.711869|
|6.131905|
|1.177349|
|-2.879249|
|7.301018|
|-6.022375|
|-15.791311|
|4.966544|
|-2.952545|
|-1.580332|
|-0.330629|
|-5.421713|
|-20.780687|
|-10.610405|
|7.036533|
|-7.016723|
|6.305687|
|-10.301869|
|-5.881764|
|0.097562|
|-19.012590|
|-7.069168|
|-7.864443|
|-3.012332|
|-80.876837|
|-52.503403|
|-40.600525|
|-13.093422|
|-1.839561|
|4.602958|
|-7.455084|
|2.650508|
|-27.843372|
|-48.688049|
|-167.765817|
|3.607854|
|-9.417352|
|-3.833111|
|8.122154|
|-15.902232|
|3.245576|
|-10.023969|
|19.272515|
|-22.597087|
|-31.234646|
|2.131631|
|-3.020257|
|-5.071767|
|-7.028584|
|-10.407753|
|0.196187|
|-4.460521|
|7.791985|
|-68.112656|
|4.130982|
|2.502473|
|5.771541|
|0.692167|
|-6.083185|
|2.927824|
|76.858326|
|-4.759453|
|-3.743026|
|-12.009796|
|61654.780116|
|-15.622064|
|-9.041710|
|1.045978|
|-38.606584|
|-0.140298|
|-4.553392|
|-5.457797|
|-5.534862|
|-0.111052|
|-3.013925|
|-8.999080|
|-29.914660|
|-18.484323|
|-3.310820|
|2.635165|
|0.345016|
|2.817247|
|-13.331634|
|4.940963|
|-7.859135|
|-14.302769|
|9.702339|
