----------Resultado-----------
|7.641984|
|-2.794221|
|16.412503|
|-1.930902|
|-0.108006|
|12.165661|
|19.273535|
|-1.845764|
|6.391377|
|8.092753|
|12.875288|
|7.770105|
|0.557299|
|5.011329|
|6.821591|
|-320.752863|
|-13.548600|
|9.415404|
|5.287938|
|2.592940|
|4.845562|
|-1.605105|
|1.205070|
|-14.332917|
|8.320737|
|4.009969|
|-0.089357|
|4.125335|
|5.199363|
|16.322716|
|-6.998516|
|1.445159|
|4.596210|
|-1.153669|
|9.314945|
|32.878537|
|63.596102|
|0.067227|
|-1.352462|
|8.651292|
|25.902432|
|5.743721|
|7.588724|
|1.525677|
|10.195399|
|5.585709|
|2.308633|
|1.065922|
|4.345336|
|5.625181|
|-1.299414|
|3.287527|
|2.164114|
|0.103829|
|3.521976|
|53.304663|
|0.400669|
|8.722297|
|11.130921|
|-2.862511|
|2.412018|
|3.039521|
|10.541122|
|5.844619|
|1.577642|
|4.132034|
|20.774246|
|6.561036|
|2.300634|
|-1.366563|
|10.162563|
|4.340528|
|12.023940|
|73.277529|
|7.644447|
|-2.078544|
|6.556242|
|0.040326|
|2.012804|
|17.052709|
|-2.905859|
|5.007737|
|12.564246|
|4.874730|
|6.847863|
|-4.284051|
|19.464608|
|13.988858|
|47.937239|
|10.360600|
|0.289732|
|13.151394|
|1.561368|
|3.573797|
|-3.871172|
|17.141614|
|1.510370|
|3.985544|
|-1.661231|
|0.424623|
|1.144308|
|0.317525|
|0.633862|
|4.993397|
|28.508052|
|17.071484|
|-6.578241|
|9.285601|
|-0.315016|
|4.401466|
|3.530567|
|6.438973|
|9.978678|
|11.081948|
|0.032772|
|2.852084|
|0.787717|
|4.742162|
|-9.883969|
|3.125523|
|4.068827|
|6.514669|
|11.161022|
|0.954504|
|7.094333|
|-0.624503|
|64.147601|
|5.571382|
|32.818128|
|17.168503|
|10.847475|
|-1.276002|
|-2.001782|
|29.356055|
|12.536424|
|42.067461|
|5.378357|
|0.823790|
|-7.935415|
|5.957451|
|2.174293|
|45.320016|
|-1.156799|
|52.093378|
|5.072270|
|0.195089|
|-7.432032|
|9.451699|
|-0.116755|
|-0.693793|
|8.716469|
|-0.087766|
|0.913637|
|5.186039|
|4.353836|
|2.273360|
|4.512349|
|5.220916|
|14.862986|
|2.299863|
|4.273029|
|-0.718826|
|1.060876|
|4.779426|
|-4.475288|
|5.196984|
|5.343385|
|5.115952|
|2.394974|
|5.006831|
|-2.469652|
|-0.215522|
|-2.253501|
|8.581694|
|1.494646|
|0.103014|
|-0.560387|
|3.132175|
|-0.443173|
|5.932025|
|15.124124|
|51.746432|
|3.521811|
|5.870710|
|-1.838470|
|45.954525|
|5.753198|
|2.762489|
|2.193444|
|8.788701|
|145.143880|
|-3.418053|
|4.250305|
|2.044494|
|-2.430573|
|4.986953|
|-3.176910|
|13.407544|
|14.358442|
|0.604000|
|36.935803|
|2.419919|
|1.364732|
|1.427974|
|4.588091|
|31.465986|
|23.024312|
|0.779255|
|-0.491053|
|34.608649|
|4.353780|
|5.005202|
|126.914792|
|9.835741|
|12.545763|
|-0.205111|
|2.274601|
|1.213684|
|3.376589|
|8.505454|
|5.675602|
|10.124311|
|7.278123|
|11.739648|
|-0.800064|
|2.847693|
|0.291481|
|-0.057314|
|0.282987|
|-2.673123|
|7.383656|
|-0.168022|
|8.133558|
|-2.478990|
|8.969057|
|12.008360|
|25.237639|
|-0.322165|
|3.934999|
|15.260634|
|5.599781|
|5.494468|
|-1.656011|
|10.592020|
|0.790386|
|20.033129|
|4.934008|
|5.572993|
|-11.380443|
|13.770087|
|7.285112|
|-3.237978|
|-0.257512|
|5.227155|
|34.521839|
|2.915290|
|2.630443|
|0.303308|
|3193.095985|
|68.005557|
|80.227516|
|-1.171863|
|6.844264|
|106.304520|
|-0.071538|
|11.823463|
|6.761316|
|-1.254695|
|0.206124|
|6.844769|
|-0.035250|
|-3.145770|
|-2.302453|
|12.173696|
|3.150604|
|7.190632|
|69.752516|
|3.423223|
|3.739358|
|1.441370|
|12.965868|
|7.093350|
|6.944715|
|89.616696|
|8.862955|
|-0.714035|
|-3.484150|
|1.870180|
|3.964228|
|19.135188|
|16.561559|
|-10.619305|
|5.419434|
|8.108513|
|130.015822|
|1.869023|
|8.399075|
|2.574833|
|42.892800|
|-0.298611|
|-1.258069|
|-0.817956|
|-2.602041|
|-0.752411|
|5.699661|
|-1.280692|
|-2.690151|
|18.690666|
|4.548583|
|12.247240|
|4.902877|
|7.671890|
|-0.032421|
|19.292695|
|23.243696|
|8.531878|
|2.930402|
|-5.474655|
|-2.704401|
|5.498144|
|2.706149|
|4.352941|
|1.152503|
|0.450940|
|1.690524|
|0.708182|
|-2.473973|
|-1.220119|
|3.976566|
|0.735780|
|5.570026|
|323.745998|
|21.055479|
|-0.520715|
|-0.850501|
|29.485097|
|5.573665|
|6.552151|
|-1.262411|
|0.721013|
|2.039711|
|-1.011998|
|4.389372|
|1.030455|
|9.711278|
|1.018152|
|3.533482|
|7.478999|
|1.300595|
|4.589864|
|20.655815|
|4.170988|
|3.587225|
|4.694666|
|16.957152|
|58.864326|
|7.215413|
|13.792881|
|9.749743|
|-0.419091|
|2.619658|
|1.646970|
|3.853440|
|3.750094|
|4.397608|
|4.834344|
|5.782264|
|14.398124|
|-0.168759|
|3.910833|
|1.634121|
|9.385680|
|5.114651|
|13.040835|
|12.337971|
|49.701192|
|-0.227274|
|0.282141|
|12.443104|
|4.621654|
|-1.579053|
|9.107724|
|-0.344024|
|13.406004|
|0.234872|
|27.483441|
|-1.382745|
|3.466668|
|-3.605102|
|-12.284840|
|-2.793120|
|5.765222|
|6.164392|
|37.446658|
|2.520514|
|-0.733576|
|3.039829|
|1.151374|
|2.723519|
|1.169847|
|12.083644|
|5.993984|
|-3.320725|
|1.642437|
|1.024341|
|8.023098|
|4.378454|
|6.366400|
|22.025296|
|-0.047323|
|-7.503837|
|-1.614567|
|4.781479|
|-4.134705|
|7.061566|
|1.127948|
|-0.793871|
|3.931282|
|2.573659|
|-0.205955|
|-0.343914|
|-0.132441|
|10.921486|
|12.745927|
|-11.465420|
|2.331025|
|1.763775|
|12.882182|
|1.488624|
|-2.245228|
|-3.989938|
|-6.903309|
|-0.182747|
|7.448600|
|1.115532|
|3.054874|
|5.009154|
|9.376150|
|-4.742532|
|3.145300|
|7.172061|
|-0.768115|
|4.748834|
|-5.234702|
|-0.060003|
|-1.512607|
|5.668211|
|7.277076|
|3.229954|
|2.898511|
|1.203880|
|0.710108|
|-2.581922|
|58.024938|
|0.900886|
|7.890469|
|9.849953|
|-3.043983|
|-6.536812|
|-3.549607|
|4.348984|
|7.416467|
|3.486973|
|1.556809|
|-0.415228|
|7.294763|
|4.909259|
|1.592351|
|-1.289642|
|11.581458|
|1.370957|
|-189.120778|
|5.325947|
|2.877715|
|-3.259603|
|1.049946|
|-2.459082|
|167.356337|
|0.155564|
|1.051425|
|0.482367|
|1.839281|
|10.868583|
|-24.631926|
|8.429483|
|7.414112|
|5.820230|
|81.200148|
|25.131763|
|0.815695|
|4.177138|
|-1.233696|
|4.416372|
|2.252968|
|20.020234|
|3.401342|
|3.537174|
|4.062215|
|-0.632526|
|2.551225|
|0.119491|
|2.423187|
|-0.674387|
|8.169087|
|0.173224|
|4.574673|
|5.865210|
|16.673194|
|4.821809|
|-0.023162|
|4.246142|
|0.400873|
|-1.770987|
|0.318829|
|6.477118|
|1.660774|
|6.323190|
|6.541728|
|1648.848210|
|-3.800355|
|0.977912|
|7.489333|
|-1.374810|
|3.996933|
|7.032132|
|-24.692096|
|22.268620|
|-6.312845|
|7.741649|
|3.423399|
|0.978726|
|6.065709|
|16.423812|
|-0.230291|
|4.460108|
|-1.521795|
|0.246284|
|3.380812|
|3.043813|
|4.375743|
|12.520354|
|17.592828|
|-4.305974|
|6.789504|
|-0.721114|
|7.105926|
|-2.742374|
|-0.108404|
|2.185131|
|-7.595188|
|1.285243|
|1.638258|
|2.781114|
|3.933614|
|5.841442|
|-8.126588|
|3.862515|
|53.325331|
|1.331004|
|-0.068461|
|9.870232|
|-5.538054|
|17.305536|
|-2.161413|
|-2.985944|
|-1.260136|
|-0.109381|
|4.789068|
|6.879544|
|1.164444|
|0.382772|
|0.852205|
|2.169477|
|-0.789919|
|2.396703|
|29.943351|
|-3.270642|
|-0.812371|
|3.346873|
|7.169270|
|11.214468|
|3.720600|
|3.306030|
|3.331211|
|2.833726|
|19.973772|
|40.183819|
|0.610794|
|4.709176|
|1.498392|
|0.523921|
|37.993493|
|-1.478670|
|-6.274781|
|6.392043|
|-1.334272|
|3.926785|
|10.935573|
|6.189893|
|0.011023|
|11.310623|
|1.968835|
|5.842788|
|10.025436|
|3.484871|
|2.221307|
|1.107978|
|10.786977|
|8.105362|
|13.157408|
|2.743203|
|2.257915|
|0.115618|
|2.115917|
|51.524706|
|-2.330063|
|-21.683486|
|-11.119323|
|3.000471|
|4.257578|
|1.280817|
|1.793179|
|0.999701|
|1.566605|
|449.127271|
|2.946606|
|-0.354669|
|-2.790013|
|-211.858042|
|0.102340|
|3.243455|
|1.713282|
|10.035319|
|-2.687308|
|3.537689|
|-7.124570|
|5.165690|
|-0.536095|
|-31.865881|
|-0.200734|
|1.980342|
|-1.660754|
|6.967772|
|3.195268|
|31.286452|
|2.094328|
|0.153490|
|68.321122|
|-5.117588|
|1.985267|
|5.593615|
|4.347002|
|22.003841|
|-0.602161|
|8.138786|
|40.997703|
|1.643784|
|-1.879744|
|-0.035510|
|1.224875|
|3.689546|
|2.783438|
|0.317283|
|17.082105|
|4.232243|
|-0.453078|
|-72.881488|
|6.970177|
|11.206703|
|2.329363|
|18.213951|
|12.879847|
|2.997944|
|7.386129|
|3.507267|
|14.952862|
|6.792569|
|8.505449|
|3.989223|
|0.612223|
|9.363077|
|3.460958|
|6.305159|
|5.462806|
|4.425894|
|4.194557|
|2.665848|
|1.158630|
|-8.993550|
|-1.778742|
|10.253517|
|13.533015|
|-2.165141|
|6.639106|
|1.512651|
|17.592133|
|3.529297|
|3.499323|
|2352.385205|
|2.669961|
|-2.393915|
|-0.979586|
|-1.616205|
|2.648805|
|12.027118|
|20.548081|
|30.959966|
|0.132924|
|0.907650|
|6.814814|
|-1.476988|
|-4.347731|
|54.051141|
|83.451354|
|-5.690417|
|2.990845|
|8.837483|
|-0.166475|
|-4.424424|
|3.806199|
|9.838039|
|7.809615|
|4.147718|
|-11.418486|
|1.907884|
|1.840206|
|2.327242|
|4.884699|
|10.670235|
|6.657992|
|-1.104886|
|6.338754|
|100.030756|
|1.141429|
|3.588853|
|3.639710|
|-1.290342|
|1.062809|
|1.083105|
|5.250190|
|16.205616|
|3.241725|
|5.044419|
|-1.550224|
|7.647253|
|5.600048|
|8.842749|
|24.106854|
|-0.785143|
|4.214594|
|27.375955|
|19.689943|
|4.925151|
|-2.834870|
|5.008033|
|1.538740|
|2.148474|
|0.890346|
|-1.723449|
|-0.427657|
|11.329934|
|-1.254135|
|3.565629|
|-5.854583|
|-0.158156|
|4.812063|
|-2.669014|
|3.821392|
|6.552221|
|29.021435|
|-23.855513|
|9.374301|
|16.785772|
|19.289827|
|0.989177|
|185.421315|
|2.342542|
|-0.458379|
|6.810480|
|-2.234336|
|4.675182|
|10.191283|
|2.658436|
|6.020952|
|1.953216|
|3.478701|
|148.801403|
|20.972015|
|7.808139|
|-2.281457|
|-1.274738|
|9.744482|
|3.922190|
|10.982929|
|2.770414|
|6.466913|
|0.194835|
|12.723667|
|-2.810640|
|5.553976|
|0.795030|
|1.257362|
|-2.077083|
|1.516696|
|-0.665817|
|-68486.221212|
|3.672564|
|19.090446|
|3.702872|
|13.798137|
|2.058383|
|7.638523|
|4.072708|
|5.038677|
|-1.557484|
|-1.095152|
|0.825251|
|70.464053|
|5.626286|
|-0.106661|
|6.576558|
|4.669899|
|-4.731507|
|1.166090|
|-1.824519|
|4.528998|
|-0.422200|
|-0.076961|
|2.852263|
|8.125165|
|5.554505|
|7.489494|
|11.623181|
|-2.310525|
|15.315335|
|0.780997|
|24.755705|
|0.456678|
|0.513067|
|-1.150802|
|10.760485|
|-0.115972|
|7.833143|
|28.990593|
|1.903001|
|0.338791|
|-0.084426|
|0.133120|
|5.172879|
|10.447761|
|3.133337|
|0.142324|
|-0.381011|
|24.575594|
|-1.021062|
|2.341495|
|4.921382|
|-1.227379|
|5.998274|
|50.476238|
|105.625733|
|38.134533|
|2.931304|
|3.549782|
|56.029900|
|3.090508|
|3.155057|
|-3.305306|
|6.410269|
|0.453410|
|4.220004|
|17.789952|
|5.188290|
|17.095865|
|2.915663|
|1.671983|
|1.730711|
|1.900760|
|1.346190|
|4.279732|
|1.896428|
|-1.010019|
|5.430928|
|-1.536864|
|6.354156|
|-4.160546|
|4.391877|
|9.696631|
|1.401056|
|-5.208689|
|6.191888|
|-9.668526|
|1.186398|
|-2.959405|
|-3.180162|
|-2.327814|
|3.405253|
|6.842678|
|1.776039|
|10.298750|
|4.073501|
|-11.507695|
|16.168652|
|45.663590|
|5.876825|
|21.394743|
|0.388188|
|2.039234|
|3.165702|
|-0.809336|
|3.933114|
|20.057723|
|5.454576|
|8.910447|
|-13.050076|
|3.939261|
|-2.547135|
|2.869241|
|0.434224|
|1.791245|
|-4.924711|
|4.605545|
|-3.450398|
|10.224829|
|-2.680795|
|2.488884|
|1.341394|
|-1.656108|
|9.264901|
|0.936426|
|-2.602085|
|235.193417|
|19.329668|
|-0.102118|
|-1.502678|
|4.339135|
|6.396629|
|-1.219596|
|5.578054|
|-1.831664|
|3.564459|
|553.166548|
|7.101846|
|6.549101|
|3.325607|
|-1.174864|
|34.588428|
|2.935410|
|6.609965|
|4.284547|
|0.272861|
|12.442956|
|23.278209|
|1.335455|
|0.310616|
|5.520468|
|9.695477|
|7.733035|
|36.188467|
|9.791146|
|-10.498112|
|10.000237|
|14.395952|
|1.866688|
|2.145538|
|1.647662|
|-0.021667|
|6.498329|
|21.722194|
|6.540317|
|4.168115|
|8.287501|
|8.380095|
|8.104761|
|5.516265|
|6.068077|
|2.943334|
|4.356888|
|2.229243|
|2.950223|
|-4.918192|
|-1.852971|
|1.320084|
|84.085779|
|3.578705|
|-0.765372|
|0.131543|
|2.181124|
|14.003974|
|4.726576|
|0.847928|
|4.143462|
|1.587407|
|3.171345|
|-15.487506|
|6.884616|
|14.177737|
|-1.210461|
|0.447025|
|-2.458095|
|-3.433389|
|6.455845|
|3.523669|
|-1.637588|
|5.428806|
|1.544200|
|0.914504|
|0.116716|
|2.439650|
|6.149919|
|8.255061|
|-0.256985|
|-0.659027|
|85.562418|
|-4.866148|
|-67.304082|
|5.624958|
|1.681974|
|-0.166102|
|16.380138|
|2.935788|
|3.412299|
|-358.877967|
|-3.434270|
|2.144207|
|2.229994|
|4.291724|
|41.857377|
|-0.626377|
|2.332272|
|-3.679046|
|-0.698779|
|3.852057|
|3.523531|
|13.465564|
|23.393996|
|-5.697580|
|3.910516|
|311.375515|
|7.188117|
|5.622701|
|1.575101|
|-1.116464|
|-2.702720|
|-0.620332|
|-2.436411|
|4.259937|
|4.164010|
|-2.168779|
|2.365104|
|-13.892948|
|-2.263074|
|5.335294|
|0.312339|
|-2.272556|
|-19.726766|
|19.222365|
|-1.058877|
|16.782523|
|2.341916|
|6.137925|
|93.767295|
|6.897765|
|-2.857805|
|-6.012791|
|-5.729088|
|5.745162|
|0.447171|
|-1.608682|
|-2.766437|
|-10.522988|
|3.530807|
|1.588335|
|-0.111972|
|3.835120|
|7.329981|
|-1.431513|
|-19.852767|
|17.746819|
|1.473911|
|-0.115792|
|12.579307|
|2.654925|
|19.066919|
|8.683247|
|24.020043|
|-3.382657|
|411.080670|
|9.190382|
|16.154107|
|3.808953|
|-0.494921|
|11.294472|
|5.911261|
|-1.190555|
|-1.844855|
|8.613222|
|2.539931|
|7.940409|
|15.341878|
|7.306054|
|12.272077|
|-14.303890|
|9.034677|
|7.151615|
|2.969477|
|4.699172|
|0.851173|
|0.371864|
|-8.017163|
|4.635902|
|-3.209819|
|2.758370|
|5.296827|
|14.199223|
|4.040273|
|-5.457948|
|-1.026543|
|6.191715|
|3.656968|
|1.039104|
|0.076886|
|-0.620828|
|4.714998|
|-0.816533|
|6.291364|
|139.294185|
|-5.147997|
|-1.328087|
|-1.215089|
|3.087616|
|0.809107|
|3.953421|
|3.119641|
|2.026589|
|5.722107|
|-1.184604|
|-0.994947|
|4.278935|
|3.723634|
|4.715799|
|0.024803|
|13.646497|
|2.945872|
|40.575357|
|0.737588|
|5.832919|
|6.614902|
|4.315596|
|0.189523|
|-0.753575|
|2.143440|
|30.921445|
|-1.078846|
|-0.761291|
|31.360454|
|-4.390274|
|6.403281|
|1.999118|
|6.964941|
|83.190796|
|2.283369|
|5.874993|
|2.926056|
|6.829291|
|9.373959|
|3.383749|
|12.345052|
|6.433850|
|0.961649|
|-5.578063|
|4.569914|
|20.373188|
|-3.919363|
|1.480058|
|-2.733314|
|2.565551|
|-0.552071|
|3.511054|
|1.397967|
|2.001756|
|2.515394|
|0.851698|
|8.840463|
|4.755627|
|7.607187|
|30.609839|
|1.116136|
|71.392158|
|0.567331|
|-0.833704|
|1.174583|
|68.874381|
|3.462047|
|7.924567|
|0.098895|
|5.600473|
|7.376255|
|1.937780|
|-0.987283|
|-1.178821|
|4.041733|
|11.278678|
|-0.410980|
|10.820607|
|-60.811152|
|-2.283724|
|6.683961|
|2.248344|
|6.216230|
|4.702165|
|5.166273|
|-4.191901|
|8.006043|
|3.409607|
|-0.091945|
|-3.269540|
|-4.017129|
|-0.406990|
|-0.030843|
|-0.249209|
|2.703663|
|1.986223|
|15.579160|
|-0.576751|
|-4.672588|
|-13.250553|
|12.374831|
|6.348626|
|14.053072|
|6.522978|
|9.663769|
|1.613325|
|9.550472|
|-28.704871|
|3.024113|
|5.312308|
|0.467753|
|8.181207|
|2.749428|
|2.578991|
|-2.329506|
|78.589747|
|2.985251|
|-1.792460|
|9.186781|
|-5.274650|
|-16.071025|
|1.746931|
|3.970709|
|0.975764|
|-2.706105|
|-0.506862|
|3.614701|
|2.769256|
|22.064974|
|6.810576|
|20.271290|
|3.327245|
|5.495556|
|3.646687|
|4.313648|
|1.301010|
|20.039958|
|1.357819|
|2.796366|
|1.881418|
|1.442950|
|3.270031|
|-0.039039|
|1.137576|
|5.367680|
|1.056756|
|-9.506913|
|19.063051|
|97.092915|
|6.290047|
|0.414152|
|19.345881|
|-1.733932|
|-0.619777|
|2.814268|
|10.182850|
|10.213591|
|-8.415797|
|-5.319937|
|4.574891|
|-4.103492|
|4.689180|
|-0.556137|
|4.499398|
|-4.367665|
|3.313156|
|5.549364|
|3.337437|
|3.236783|
|4.272718|
|-4.217720|
|-1.828947|
|1.865564|
|4.378889|
|0.638152|
|3.900058|
|1.377525|
|0.369912|
|-0.353424|
|0.647034|
|3.021297|
|3.887712|
|1.376226|
|1.648808|
|1.252469|
|13.561237|
|9.940896|
|-1.136986|
|9.755807|
|8.326969|
|0.116859|
|1.425276|
|4.338866|
|4.433917|
|4.100211|
|2.692354|
|4.306864|
|-0.980582|
|2.977787|
|-0.043299|
|17.443760|
|5.070691|
|21.658592|
|-3.649062|
|2.677519|
|4.152304|
|1.478876|
|14.162992|
|6.829847|
|7.877022|
|-1.447966|
|15.560463|
|6.261518|
|0.550631|
|-0.217897|
|0.329904|
|7.159060|
|-0.170700|
|16.052622|
|1.620466|
|-1.838677|
|7.729961|
|5.049326|
|5.000134|
|8.559853|
|2.140546|
|0.281153|
|-2.017562|
|3.585951|
|4.065693|
|1.111223|
|14.830058|
|3.828827|
|4.351641|
|2.772618|
|9.737057|
|9.636812|
|3.925034|
|10.620184|
|0.927129|
|4.092580|
|-0.929941|
|2.800898|
|1.678763|
|16.096703|
|2.302758|
|-0.140049|
|4.857325|
|5.043128|
|3.380542|
|-1.432210|
|2.701329|
|6.739074|
|5.304164|
|-0.271400|
|4.621080|
|-1.092434|
|-3.981478|
|-0.891355|
|5.556342|
|5.898905|
|27.917089|
|1.498946|
|-0.487297|
|3.789207|
|-1.733205|
|7.680508|
|6.775989|
|-7.503574|
|4.135075|
|4.417712|
|7.598898|
|7.731404|
|1.616186|
|-0.330116|
|-0.139711|
|6.575394|
|1.551863|
|6.450935|
|4.280157|
|2.826674|
|-2.439513|
|2.332405|
|2.261043|
|25.017282|
|3.463939|
|0.343862|
|-0.605973|
|2.110195|
|0.109828|
|-2.701087|
|7.412007|
|-0.592252|
|7.257266|
|4.614784|
|1.582393|
|7.707103|
|-1.137744|
|-1.957426|
|3.847706|
|-2.099014|
|6.706805|
|-2.174347|
|7.688785|
|-0.075005|
|-0.724924|
|0.545325|
|1.696494|
|2.069172|
|-0.787354|
|2.572614|
|-2.955634|
|0.257963|
|0.040802|
|1.460106|
|0.049623|
|17.933268|
|15.373840|
|0.004016|
|1.491774|
|1683.492843|
|2.496263|
|6.639977|
|0.754619|
|4.342899|
|28.236338|
|5.738369|
|0.007390|
|0.078105|
|3.114904|
|-2.192665|
|7.631026|
|-1.717697|
|6.711341|
|2.242552|
|0.516551|
|1.785018|
|25.965513|
|229.791581|
|-0.130479|
|0.270959|
|6.848106|
|2.823040|
|3.822837|
|-11.887247|
|-2.356016|
|1.918837|
|6.666444|
|4.834765|
|2.282504|
|4.651269|
|11.949062|
|1.236181|
|2.907919|
|6.188373|
|-2.288732|
|-1.209446|
|-1.157546|
|6.804790|
|-48.480923|
|-6.874900|
|-6.956550|
|0.849760|
|9.501917|
|3.590564|
|2.043860|
|-3.384200|
|1.600269|
|-0.246604|
|-2.395026|
|-0.506917|
|-3.314315|
|-1.013188|
|140.038246|
|4.169811|
|5.459045|
|29.366465|
|-0.122648|
|-1.364660|
|5.445304|
|7.081317|
|0.671876|
|4.746393|
|6.013946|
|0.894614|
|5.069465|
|5.555934|
|4.648905|
|3.274520|
|13.231685|
|-3.657328|
|12.883018|
|10.516810|
|7.002910|
|-0.856778|
|4.131072|
|-0.267693|
|-1.285147|
|33.770973|
|-6.042726|
|-2.336432|
|3.549848|
|0.588584|
|1.147387|
|16.321237|
|4.404333|
|5.139290|
|15.445834|
|10.463746|
|0.686611|
|4.542742|
|3.399932|
|5.377317|
|1.257529|
|4.245457|
|4.093888|
|16.393049|
|0.789758|
|2.747762|
|6.945146|
|-7.028997|
|13.561373|
|2.670771|
|1.379680|
|0.979884|
|-1.146406|
|-0.645322|
|-2.569006|
|1.311252|
|-3.437112|
|4.536392|
|21.876278|
|5.791518|
|-0.375902|
|-0.404230|
|1.709625|
|-1.127047|
|0.236248|
|-1.502819|
|12.327117|
|9.142933|
|3.049034|
|2.193983|
|4.236537|
|3.726835|
|7.995664|
|-2.250151|
|-0.724387|
|1.008238|
|130.193873|
|-0.296341|
|22.521607|
|2.466851|
|4.787800|
|1.390986|
|5.334013|
|-0.182744|
|1.915221|
|1.325274|
|3.614237|
|19.721611|
|-2.597360|
|0.257655|
|0.705580|
|32.229333|
|-1.712002|
|0.961604|
|3.519298|
|2.344838|
|8.260414|
|6.614240|
|4.011142|
|-0.301299|
|2.749581|
|2.400941|
|-8.376120|
|-1.059971|
|-1.002263|
|5.606741|
|-5.415585|
|-1.730349|
|2.674372|
|-2.798953|
|0.940624|
|-2.211732|
|5.406968|
|2.045591|
|1.288627|
|-1.811320|
|9.808906|
|5.316290|
|6.455125|
|3.153532|
|-2.980729|
|3.956915|
|-0.095156|
|0.869649|
|-0.907697|
|7.356093|
|21.214695|
|1.479415|
|2.627234|
|2.395045|
|-0.333926|
|0.667869|
|-1.665112|
|3.052880|
|48.249558|
|12.253266|
|6.149478|
|-1.379891|
|3.409502|
|8.564307|
|0.997079|
|-1.753509|
|30.230432|
|5.530786|
|13.047473|
|2.100973|
|6.875513|
|7.989020|
|3.432592|
|-4.064525|
|-23.165370|
|10.540130|
|1.831642|
|1.875695|
|-0.333880|
|7.254494|
|3.819061|
|-29.368101|
|3.358085|
|0.246494|
|4.339169|
|3.587397|
|-0.978287|
|-2.240979|
|4.290645|
|-0.460964|
|-1.282932|
|0.550998|
|1.208472|
|3.181924|
|-23.062470|
|0.822839|
|2.071540|
|-2.462970|
|2.413363|
|6.290638|
|1.361079|
|0.184445|
|1.553876|
|4.552146|
|6.143835|
|19.135418|
|-0.446771|
|-0.041375|
|18.591873|
|19.948041|
|54.565507|
|1.040851|
|3.529591|
|3.661317|
|6.386988|
|0.731812|
|7.228525|
|-1.048025|
|3.117396|
|0.054405|
|1.694186|
|0.981940|
|3.937010|
|1.511724|
|-1.161329|
|-4.723959|
|4.135500|
|2.091633|
|5.468503|
|6.330929|
|-0.909468|
|-0.593243|
|3.672900|
|35.317627|
|-0.013389|
|13.950835|
|3.792198|
|-0.072818|
|3.666210|
|3.927191|
|-1.281437|
|93.327456|
|-1.498618|
|8.025973|
|-0.567752|
|0.879122|
|-1.253648|
|4.766557|
|3.431002|
|8.796672|
|-0.632438|
|1.599921|
|4.962387|
|16.452924|
|-1.604698|
|1.505627|
|-2.392849|
|4.320968|
|5.428428|
|23.643613|
|0.013618|
|8.452808|
|3.794133|
|-2.991685|
|1.436728|
|4.757171|
|1.345960|
|-2.052765|
|0.759502|
|50.539714|
|-0.068028|
|-1.663909|
|-0.016919|
|2.085255|
|16.790752|
|24.551490|
|-2.445208|
|5.836275|
|4.265355|
|2.147252|
|108.762229|
|-3.317245|
|-0.640138|
|3.325816|
|9.123177|
|-2.875304|
|-0.889189|
|-2.995571|
|-1.228761|
|-0.055149|
|5.625731|
|2.484959|
|-1.841537|
|4.633559|
|2.692754|
|7.906114|
|2.306913|
|2.061335|
|4.471382|
|4.609548|
|19.327694|
|-0.388525|
|16.393280|
|0.067011|
|0.159888|
|-9.759390|
|565.211267|
|3.557489|
|-1.358181|
|3.045986|
|4.301748|
|16.483278|
|1.601329|
|16.013824|
|4.779351|
|1.129522|
|4.652242|
|3.855008|
|4.920867|
|-3.080589|
|94.409705|
|8.166234|
|6.972662|
|-2.037250|
|-1.453205|
|0.992004|
|16.632384|
|48.663836|
|1.358716|
|-5.101656|
|2.553936|
|16.044360|
|4.163881|
|2.895096|
|5.637271|
|1.786208|
|3.338449|
|4.391541|
|-31.253469|
|18.930120|
|1.536065|
|2.400942|
|0.265512|
|1.856039|
|7.122563|
|2.157212|
|-0.380712|
|-0.396247|
|4.449637|
|2.844069|
|1.185655|
|-3.931997|
|5.838484|
|4.730035|
|-36.346687|
|-8.194290|
|3.856605|
|-1.710763|
|-1.330873|
|2.099816|
|14.898495|
|0.759526|
|-1.036868|
|1.078765|
|6.884950|
|17.550977|
|-0.728615|
|2.231601|
|4.271932|
|1.972891|
|-1.358383|
|0.131511|
|3.835891|
|-35.272684|
|8.669818|
|1.390316|
|-0.827489|
|0.577819|
|4.971015|
|0.293747|
|2.530944|
|-33.174115|
|2.892319|
|-2.645162|
|2.481930|
|-8.602310|
|1.254783|
|-0.996559|
|1.107628|
|-1.952214|
|-5.939371|
|3.362086|
|4.359580|
|1.003290|
|11.521134|
|-1.508714|
|2.197705|
|3.207267|
|0.829080|
|0.876530|
|5.521594|
|-1.706662|
|-2.512320|
|0.850574|
|0.616951|
|1.460677|
|-3.405579|
|-5.218689|
|3.809335|
|-0.439258|
|1.902072|
|4.284931|
|-2.339876|
|3.057508|
|-0.805502|
|-2.330361|
|-0.396954|
|4.925382|
|-1.976318|
|15.366096|
|0.129039|
|-0.761689|
|5.406185|
|4.633587|
|-1.696962|
|3.991807|
|1.768898|
|1.994729|
|1.867611|
|-1.171863|
|-0.523776|
|1.427533|
|2.564260|
|9.010134|
|6.319175|
|5.607518|
|2.350819|
|-1.476072|
|11.675342|
|-0.320728|
|1.744359|
|29.475921|
|1.011813|
|3.604045|
|-3.651464|
|31.581687|
|-3.244797|
|3.448519|
|31.103834|
|-1.947176|
|2.236530|
|3.148819|
|10.908752|
|1.403498|
|6.386596|
|4.624714|
|5.724838|
|-32.650582|
|3.855256|
|4.287701|
|7.097019|
|-2.848700|
|1.742730|
|1.994215|
|2.242516|
|2.522264|
|-42.802597|
|0.161644|
|9.871572|
|-0.714706|
|-2.725758|
|2.358029|
|9.660069|
|5.487068|
|38.081085|
|0.129371|
|59.228520|
|-0.423995|
|4.387933|
|9.124529|
|-4.735076|
|3.762609|
|39.813410|
|0.179818|
|-12.502053|
|521.695246|
|3.654753|
|23.317450|
|4.814799|
|-10.133339|
|2.136012|
|2.484930|
|-0.356816|
|2.680649|
|8.064240|
|-2.702502|
|0.379028|
|-4.490025|
|19.749551|
|2.907884|
|-0.330854|
|0.807402|
|2.261116|
|-0.548524|
|3.375629|
|-1.421525|
|17.676220|
|7.828648|
|1.409280|
|0.768508|
|8.811136|
|0.724186|
|2.642785|
|2.208906|
|0.676612|
|7.008476|
|-2.527043|
|-1.780080|
|-1.733980|
|6.842843|
|-6.522778|
|-2.156906|
|12.074517|
|2.154724|
|-1.762888|
|0.026376|
|29.153686|
|-50.554743|
|2.122649|
|-0.759293|
|5.564493|
|1.601451|
|3.782143|
|82.416519|
|-3.709561|
|-1.614425|
|-3.515379|
|-9.229960|
|20.397333|
|18.117933|
|-1.168678|
|1.151114|
|4.326975|
|-0.587360|
|5.259624|
|-9.802159|
|-9.004609|
|0.586904|
|-12.774662|
|1.303408|
|9.062154|
|28.837294|
|-0.415340|
|-3.639990|
|3.450996|
|-1.145718|
|4.206464|
|2.604730|
|5.830645|
|1.273305|
|13.890793|
|-3.242612|
|30.713897|
|2.276004|
|3.316626|
|-1.198005|
|-11.443418|
|-0.483141|
|2.404191|
|199.921295|
|2.642201|
|20.029615|
|-2.097958|
|-0.421593|
|4.833486|
|1.231196|
|2.531023|
|2.125196|
|-1.282465|
|9.415835|
|-11.892386|
|4.217776|
|3.784123|
|-1.464070|
|6.686174|
|69.754148|
|0.880447|
|6.279204|
|4.726773|
|13.655239|
|6.911763|
|0.928721|
|0.544363|
|1.902933|
|-1.401182|
|23.421284|
|-0.143979|
|14.050166|
|-0.358541|
|0.037887|
|-2.154435|
|2.533045|
|2.662894|
|3.162015|
|2.708040|
|-1.790181|
|-4.584401|
|-1.851167|
|79.939262|
|1.097507|
|-11.193048|
|3.243987|
|2.793918|
|1.631190|
|7.292314|
|-1.567449|
|0.615094|
|1.230593|
|6.820461|
|36.575208|
|-0.719912|
|-1.458793|
|0.978762|
|17.940793|
|2.323579|
|-1.585263|
|-1.287838|
|6.352521|
|-3.041866|
|12.865673|
|0.938261|
|-1.395054|
|1.153420|
|8.123184|
|-0.615810|
|-0.598140|
|-0.216323|
|8.657837|
|24.137329|
|-1.702037|
|4.052684|
|-1.880534|
|-192.201535|
|19.581332|
|-2.969827|
|3.940584|
|26.051482|
|-0.979135|
|-6.268414|
|-1.612983|
|17.441344|
|42.052109|
|-2.879229|
|1.216846|
|2.954156|
|2.192861|
|-2.429236|
|-3.913366|
|2.952039|
|-3.372508|
|0.652288|
|34.084940|
|-9.424485|
|1.177217|
|1.352509|
|9.591805|
|0.694037|
|17.848270|
|10.236646|
|1.140867|
|2.830746|
|-0.723236|
|153.558593|
|-0.289872|
|1.185575|
|-0.170939|
|2.310042|
|0.359549|
|-1.507089|
|1.435143|
|70.736727|
|0.692142|
|15.635025|
|0.175586|
|8.773155|
|5.870362|
|-1.197787|
|-0.970345|
|4.768183|
|2.094859|
|4.894888|
|0.142947|
|16.874626|
|3.178982|
|-0.877365|
|3.244551|
|-2.566811|
|-1.651312|
|31.101205|
|-1.372287|
|16.495844|
|21.781067|
|1.253492|
|18.712265|
|12.835184|
|3.963144|
|3.060515|
|5.980865|
|12.009340|
|-116.133356|
|-0.280182|
|-2.112226|
|9.274818|
|1.090037|
|-0.186377|
|2.235970|
|1.908922|
|0.089839|
|0.083664|
|4.535946|
|13.849947|
|13.365885|
|-0.040982|
|2.664575|
|-1.635624|
|2.938906|
|0.417979|
|29.464239|
|10.774872|
|4.758123|
|7.820126|
|4.870319|
|0.007351|
|1.673703|
|2.111420|
|-5.031542|
|112.575453|
|-1.963501|
|1.077423|
|1.762413|
|-16.036884|
|1.966879|
|4.388976|
|-0.936137|
|0.585434|
|9.939051|
|1.805948|
|-3.130827|
|-1.450976|
|3.038962|
|4.323992|
|281.575827|
|0.500493|
|7.392708|
|-0.068787|
|1.714013|
|18.807622|
|2.697860|
|4.718329|
|-3.845932|
|-0.964940|
|-0.303794|
|1.493701|
|18.388281|
|1.582629|
|-5.256571|
|3.159117|
|-1.489249|
|4.179507|
|1.535858|
|1.767219|
|4.448645|
|-1.763244|
|2.508120|
|-0.172922|
|0.221779|
|-5.111436|
|3.422411|
|10.747439|
|14.174307|
|-1.324220|
|-0.430344|
|2.699636|
|3.835044|
|-0.468426|
|0.047844|
|0.209462|
|2.252845|
|-0.948666|
|5.439869|
|7.449050|
|8.709857|
|-3.559087|
|6.800917|
|-0.069448|
|5.239093|
|3.377210|
|4.245677|
|5.890149|
|1.681639|
|6.499162|
|3.340378|
|4.600354|
|-0.033092|
|1.511589|
|-3.197264|
|0.110511|
|7.391219|
|15.156872|
|56.356900|
|0.656622|
|-0.240922|
|7.726045|
|2.270424|
|-1.161008|
|-22.688286|
|-4.164517|
|5.325465|
|1.365241|
|3.784282|
|15.098967|
|-2.326278|
|-5.592815|
|4.577938|
|-0.310677|
|15.192292|
|19.003514|
|14.303344|
|0.190422|
|-3.270825|
|-0.650006|
|2.988138|
|4.066575|
|-0.611599|
|-3.227838|
|6.878181|
|11.237968|
|-1.900896|
|0.649517|
|3.603206|
|8.596304|
|-1.585902|
|1.251227|
|9.402093|
|8.269820|
|2.484199|
|8.747060|
|11.755527|
|-0.541829|
|-2.466690|
|10.531311|
|-1.660061|
|9.764093|
|-2.674380|
|30.238346|
|0.718723|
|5.794311|
|19.485152|
|6.240852|
|2.346919|
|-0.619828|
|95.844250|
|0.859516|
|6.121177|
|6.872151|
|2.436375|
|11.321100|
|0.169045|
|10.609031|
|-2.163363|
|4.404531|
|3.264751|
|0.400551|
|5.627063|
|48.482779|
|3.805979|
|1.098681|
|17.678348|
|-1.412104|
|-1.107079|
|2.596178|
|3.752591|
|6.250072|
|-0.588912|
|2.104942|
|17.889439|
|6.322646|
|1.528912|
|1.540478|
|-3.900928|
|0.534397|
|-1.464866|
|1.049084|
|3.007246|
|4.647057|
|-2.164338|
|11.289275|
|12.243691|
|5.461025|
|2.262312|
|-3.344135|
|7.062367|
|4.675587|
|0.639869|
|9.703593|
|-3.853472|
|21.321736|
|-0.402048|
|3.892323|
|14.112776|
|0.973110|
|0.099809|
|14.779980|
|2.462406|
|-3.312531|
|2.459411|
|4.725479|
|6.563855|
|18.664056|
|38.450326|
|0.447902|
|-10.436656|
|-6.225222|
|-1.861017|
|30.801101|
|-0.614650|
|1.081451|
|-10.212488|
|2.874516|
|0.877787|
|2.960078|
|1.518844|
|5.074034|
|4.464277|
|-9.867061|
|0.740148|
|-1.141584|
|0.314393|
|0.481709|
|24.934613|
|14.334392|
|30.731901|
|6.573807|
|1.604154|
|4.297574|
|-0.066441|
|3.426031|
|-1.589241|
|-4.870445|
|2.324030|
|14.438358|
|9.243130|
|-1.445882|
|0.986442|
|-5.531573|
|11.671840|
|4.674186|
|53.989493|
|9.601940|
|-2.726447|
|6.347923|
|4.007937|
|-0.885458|
|-17.864311|
|1.371544|
|-0.331800|
|-2.005859|
|1.327719|
|-1.329121|
|4.445059|
|-0.023403|
|-0.382088|
|-1.527711|
|-373.237588|
|3.239529|
|1.642483|
|37.627358|
|4.218894|
|5.551168|
|0.423561|
|3.492843|
|4.568963|
|0.563525|
|8.903397|
|5.225874|
|12.855705|
|23.704955|
|3.244767|
|-2.449511|
|-21.129966|
|-1.280461|
|142.430564|
|14.227456|
|-10.297447|
|-0.600216|
|3.781278|
|5.319020|
|1.955531|
|-5.048909|
|-2.590110|
|18.568267|
|-0.278900|
|-3.161971|
|-73.163218|
|0.793149|
|-3.101396|
|0.077928|
|3.743911|
|84.221419|
|67.745331|
|-129.559107|
|3.532734|
|6.650404|
|0.003780|
|3.469355|
|1.001159|
|1.334613|
|-1.135585|
|4.449994|
|1.863483|
|1.733923|
|3.332596|
|0.408869|
|0.821317|
|3.789820|
|3.034311|
|2.052382|
|-2.749696|
|24.646425|
|8.506841|
|9.219194|
|13.087408|
|-1.554287|
|4.897235|
|-1.324417|
|2.531224|
|-0.039156|
|3.373638|
|-2.624670|
|4.708179|
|-1.834170|
|7.958396|
|-0.812776|
|-2.176763|
|-0.539017|
|417.076361|
|6.988790|
|-2.559032|
|1.308873|
|1.480685|
|5.028302|
|8.829580|
|1.472569|
|-0.355899|
|-1.055986|
|0.322880|
|15.699511|
|-1.631737|
|5.959694|
|-2.092219|
|5.844675|
|-1.175152|
|1.104619|
|1.163657|
|18.706338|
|3.437435|
|-3.259438|
|1.070611|
|2.768995|
|2.903815|
|4.069680|
|0.924872|
|5.404523|
|3.761857|
|-0.218716|
|-2.163240|
|5.734240|
|-2.460717|
|4.657129|
|-4.401138|
|5.187700|
|3.615651|
|1.823289|
|1.406257|
|5.752972|
|7.382215|
|7.683662|
|13.857414|
|-0.626648|
|-1.428374|
|3.868899|
|-0.412896|
|-1.490979|
|-5.978095|
|-1.292625|
|-1.588470|
|36.509295|
|0.779743|
|-5.864701|
|1.472841|
|5.047862|
|4.280675|
|-0.122226|
|3.374902|
|4.554565|
|8.193418|
|3.114409|
|0.644098|
|12.906507|
|-0.187350|
|7.652085|
|3.972188|
|1.084148|
|7.378472|
|0.653687|
|-11.608607|
|-2.053220|
|22.992997|
|12.542525|
|-0.391928|
|-6.686536|
|-3.041232|
|3.559633|
|7.685814|
|-0.488218|
|71.721387|
|7.608247|
|410.371594|
|-2.472672|
|-2.151589|
|2.287223|
|120.891634|
|5.329793|
|-13.200479|
|10.153305|
|1.599517|
|2.956011|
|1.415505|
|7.027006|
|-0.708787|
|-2.313096|
|3.828845|
|-1.477032|
|4.612928|
|-2.508857|
|20.735606|
|-21.606423|
|25.571112|
|-0.863662|
|-0.069623|
|3.805760|
|-0.867153|
|1.725645|
|3.813064|
|-0.777358|
|1.325520|
|18.870552|
|1.124674|
|1.999414|
|2.195200|
|1.678286|
|4.461303|
|0.777304|
|3.147681|
|-3.482524|
|0.026984|
|3.698293|
|-28.640445|
|-1.517989|
|0.911208|
|2.012169|
|-0.736698|
|7.056749|
|7.011641|
|0.241432|
|-3.362308|
|2.644419|
|6.313536|
|-0.330571|
|-1.994821|
|5.943196|
|6.095326|
|-11.409523|
|6.491667|
|4.320926|
|6.954064|
|0.952753|
|1.331069|
|-0.073925|
|-1.449364|
|100.937451|
|40.464942|
|-15.373234|
|-14.930164|
|0.269129|
|2.672366|
|1.475026|
|2.798594|
|2.973569|
|4.758856|
|-2.644153|
|12.593734|
|-0.444589|
|1.850080|
|2.359182|
|2.342838|
|1.311498|
|-10.312427|
|3.125999|
|4.961240|
|6.966675|
|1.539674|
|5.011643|
|-1.135048|
|10.774063|
|32.798684|
|23.180545|
|104.913509|
|13.870093|
|1.096499|
|4.578669|
|2.405557|
|2.074355|
|22.591385|
|2.227075|
|1.503577|
|-1.052469|
|8.665908|
|17.529581|
|6.097823|
|-40.978474|
|1.986443|
|2.374400|
|3.291362|
|-0.798408|
|10.626454|
|6.549458|
|-1.757410|
|0.655194|
|-4.707280|
|3.399584|
|-0.628934|
|0.344521|
|-5.219998|
|0.693504|
|5.569035|
|0.247579|
|12.876197|
|13.667733|
|-0.425533|
|-0.389638|
|4.306316|
|7.624180|
|104.227238|
|2.710788|
|0.990344|
|51.907468|
|3.532549|
|-4.103613|
|1.003744|
|2.660553|
|3.345451|
|3.136945|
|6.552164|
|18.422461|
|-0.536928|
|-0.143631|
|7.326988|
|7.855222|
|1.006852|
|11.914218|
|3.101377|
|0.085283|
|5.685880|
|0.376798|
|59.329804|
|6.916134|
|-6.506656|
|7.984767|
|7.962535|
|-25.663282|
|-6.977294|
|3.438921|
|1.912791|
|0.049707|
|-1.430050|
|1.960470|
|19.538243|
|-0.695850|
|1.810980|
|-0.165333|
|5.114569|
|3.686171|
|0.945145|
|3.217026|
|6.972056|
|3.170312|
|9.614127|
|-7.929458|
|-0.191081|
|3.543328|
|0.385759|
|2.146655|
|-7.814141|
|-14.163182|
|0.187092|
|2.507762|
|-4.151279|
|4.024599|
|6.546303|
|0.447501|
|3.421753|
|3.151314|
|4.534773|
|7.808572|
|0.178307|
|-0.634333|
|6.895112|
|-3.277657|
|3.034375|
|5.509984|
|0.355178|
|2.286054|
|2.659719|
|3.788197|
|5.806431|
|2.398214|
|2.713124|
|-0.017609|
|34.182758|
|21.763719|
|0.327756|
|33.174394|
|-1.589631|
|3.318902|
|1.409082|
|5.079544|
|28.105293|
|1.755620|
|-0.101926|
|-3.671868|
|25.417940|
|1.787482|
|6.206074|
|0.784144|
|-2.263689|
|6.409138|
|-0.198401|
|0.877295|
|3.489163|
|-10.525828|
|1.042070|
|-7.458344|
|0.245353|
|3.081419|
|20.420861|
|0.435250|
|0.246967|
|0.647909|
|11.343917|
|-490.144805|
|12.663602|
|-1.827291|
|14.755377|
|2.296789|
|5.078634|
|3.499891|
|-1.587893|
|-0.622729|
|-1.860448|
|5.635595|
|14.493115|
|1.917825|
|12.461518|
|5.231988|
|1.992073|
|10.528677|
|3.215823|
|-0.945987|
|0.190536|
|2.254833|
|3.359097|
|5.051848|
|-0.915534|
|-1.366488|
|2.048719|
|1.594397|
|-0.764831|
|-0.172851|
|24.492134|
|2.835456|
|7.536631|
|1060.914545|
|-1.345869|
|5.037402|
|4.648990|
|-1.137366|
|4.231937|
|-1.897066|
|-30.853134|
|3.742071|
|4.778544|
|3.631658|
|-1.029285|
|26.195763|
|2.273227|
|1.049833|
|-20.009286|
|12.901404|
|4.307497|
|7.321975|
|5.696208|
|0.303021|
|2.807621|
|11.399270|
|4.465239|
|-6.591205|
|1.949360|
|-1.218031|
|-8.959611|
|1.404419|
|42.298295|
|27.223236|
|9.166871|
|-1.666632|
|10.443769|
|-5.001619|
|72.716246|
|3.288047|
|-3.650787|
|4.515828|
|4.023544|
|33.759023|
|5.652406|
|5.107865|
|4.278116|
|2.625692|
|-2.558529|
|-1.849219|
|2.872276|
|-1.593834|
|47.858609|
|0.718698|
|5.758749|
|2.659150|
|2.074350|
|0.802312|
|19.959260|
|-1.627371|
|-2.229500|
|14.079500|
|62.383921|
|2.407045|
|-46.761321|
|11.420103|
|3.703830|
|3.176439|
|-2.233320|
|-2.828777|
|1.115968|
|2.918939|
|20.804307|
|0.938863|
|-6.956464|
|4.044633|
|5.091202|
|3.939086|
|0.168006|
|5.445181|
|9.471650|
|2.400952|
|1.645393|
|6.504530|
|14.728292|
|11.333404|
|-0.472877|
|0.290922|
|-1.328928|
|2.503476|
|154.256199|
|-4.086978|
|-9.847068|
|7.692143|
|3.235392|
|3.359295|
|4.740315|
|-7.197382|
|1.735817|
|45.941858|
|4.254549|
|4.480404|
|84.385010|
|11.077440|
|5.925545|
|-0.278100|
|1.319166|
|70.607173|
|-1.301595|
|152.008019|
|1.501022|
|4.845906|
|2.084145|
|35.955525|
|5.957878|
|16.153282|
|-13.707941|
|19.963321|
|2.838234|
|0.777189|
|0.798650|
|-0.492364|
|3.105813|
|4.786920|
|8.041714|
|4.271196|
|-3.528384|
|2.192096|
|-0.935261|
|-8.629348|
|3.935330|
|0.213467|
|2.270748|
|1.367742|
|-7.246288|
|98.380862|
|-0.758935|
|-1.076784|
|0.322584|
|4.662594|
|-4.429997|
|7.105515|
|134.987683|
|17.481105|
|3.238788|
|-2.647434|
|0.172542|
|14.705663|
|12.244210|
|10.815156|
|3.000601|
|1.122625|
|0.683775|
|14.438548|
|6.624319|
|4.441489|
|2.986833|
|-1.332107|
|-1.023353|
|-89.854624|
|2.549166|
|5.692964|
|-1.426645|
|-0.430091|
|109.296909|
|1.547088|
|5.633884|
|-0.845841|
|1.548981|
|-0.489239|
|-42.848541|
|1.273218|
|4.758113|
|0.756850|
|4.321515|
|2.759786|
|6.189924|
|-0.748886|
|0.818120|
|-7.504390|
|2.335121|
|-0.132756|
|-2.685031|
|0.116018|
|3.342181|
|9.757018|
|0.832068|
|2.188377|
|-2.154756|
|75.496354|
|2.296640|
|1.829088|
|5.567407|
|2.372475|
|2.739129|
|5.535541|
|6.274828|
|5.664622|
|-1.281757|
|-11.156419|
|0.186607|
|17.325568|
|7.539654|
|7.325179|
|5.057724|
|5.725218|
|1.435313|
|8.530862|
|6.946448|
|2.905129|
|7.840742|
|3.232717|
|321.685633|
|4.324390|
|2.409508|
|-4.355078|
|0.418271|
|-1.581272|
|-0.805283|
|2.259171|
|-2.071385|
|0.479626|
|4.875312|
|7.108097|
|4.068024|
|11.505909|
|1.549419|
|-1.368857|
|4.909681|
|31.356465|
|3.398887|
|2.003541|
|1.485581|
|8.255733|
|10.502166|
|8.963804|
|3.205539|
|9.127922|
|-0.549008|
|3.050575|
|-0.239638|
|2.222747|
|0.526833|
|4.313458|
|3.866966|
|7.933944|
|-5.951851|
|1.452122|
|128.159189|
|-0.212075|
|24.010575|
|4.139203|
|1.455535|
|103.614651|
|7.171932|
|-0.487865|
|-0.390471|
|-0.365103|
|6.219976|
|0.091977|
|1.297973|
|6.662467|
|8.232380|
|2.989489|
|-0.180270|
|2.365460|
|0.639223|
|6.237106|
|1.107430|
|24.043408|
|94.574371|
|-0.249210|
|12.931668|
|1.174621|
|0.378030|
|-2.445195|
|4.588827|
|0.890031|
|2.567658|
|-0.581492|
|2.188928|
|1.293755|
|5.794172|
|0.526192|
|1.252208|
|4.272129|
|-0.754862|
|0.725398|
|-0.533497|
|-1.571725|
|90.211283|
|-1.071945|
|1.089869|
|5.812129|
|3.799973|
|84.199682|
|11.150363|
|8.427642|
|180.235053|
|-0.973450|
|-2.002565|
|2.713088|
|7.948411|
|6.284287|
|3.370067|
|3.282841|
|38.562143|
|7.421159|
|6.383906|
|4.821015|
|1.356834|
|-2.355645|
|5.010534|
|7.484274|
|12.955534|
|3.783748|
|1.730595|
|1.515326|
|15.213310|
|113.579753|
|12.645984|
|2.681269|
|17.901644|
|-0.088941|
|0.009611|
|-519.796123|
|-1.860180|
|1.171252|
|-1.678370|
|2.877405|
|-7.322249|
|-0.362072|
|16.138541|
|-2.886454|
|1.284207|
|-0.809077|
|-15.878019|
|0.908661|
|2.403637|
|3.014867|
|8.412050|
|4.145589|
|0.043762|
|4.438099|
|-26.876168|
|1.849844|
|0.402185|
|0.286858|
|4.289877|
|5.736675|
|-0.270308|
|-2.586138|
|-1.294814|
|7.805697|
|-0.317026|
|-2.986220|
|5.576182|
|31.256729|
|-1.665257|
|-0.391955|
|255.117759|
|3.597716|
|0.840261|
|0.956982|
|3.956772|
|11.580065|
|0.509858|
|-2.841248|
|3.327010|
|-16.879534|
|-2.688736|
|-1.848547|
|-1.590195|
|0.008923|
|-17.359669|
|40.021498|
|5.600979|
|0.978280|
|15.590302|
|-1.156429|
|-1.039287|
|0.309446|
|-0.759836|
|-0.593715|
|-0.082347|
|9.281258|
|-0.362239|
|-3.624144|
|-194.105633|
|4.169939|
|60.262066|
|-1.020924|
|18.685644|
|86.489439|
|0.609937|
|2.145737|
|19.740542|
|2.217117|
|2.334019|
|-0.998296|
|9.120997|
|-1.921428|
|-2.256230|
|4.303338|
|-1.800510|
|5.223970|
|-1.317796|
|14.527529|
|1.549741|
|-5.755310|
|2.837462|
|15.679846|
|0.310453|
|-4.425475|
|9.161689|
|2.139837|
|-7.718508|
|0.313897|
|-6.716992|
|1.069470|
|-2.481522|
|1.638249|
|-3.795379|
|-0.816859|
|-48.893049|
|0.796296|
|1.936098|
|0.439333|
|0.473800|
|-1.672580|
|-0.604176|
|3.649108|
|-39.481354|
|3.831967|
|12.202573|
|-3.311274|
|-1.099733|
|-1.936394|
|1.910155|
|6.777961|
|-0.670325|
|-1.449820|
|34.924103|
|6.755850|
|4.743420|
|172.447902|
|2.748579|
|11.233656|
|-0.117540|
|14.508213|
|1.657766|
|310.434818|
|-0.660233|
|3.369382|
|3.568659|
|-0.154219|
|-3.972235|
|6.914479|
|-0.340940|
|-1.555601|
|10.012572|
|1354.346322|
|1.393007|
|-12.491421|
|-4.668740|
|1.926617|
|0.468208|
|3.836999|
|-0.556418|
|149.925511|
|11.298801|
|7.144426|
|1.974169|
|23.360388|
|21.397692|
|4.857675|
|-1.324195|
|-0.941268|
|4.411999|
|1.158128|
|-1.171626|
|-2.351663|
|3.425068|
|7.106854|
|6.216005|
|8.606681|
|1.891650|
|-3.581180|
|5.561380|
|3.787482|
|2.716836|
|-1.694234|
|0.794055|
|7.854039|
|-1.775504|
|-83.509124|
|2.599432|
|1.477664|
|-0.841645|
|2.820851|
|18.439350|
|-2.997084|
|1.037744|
|-0.277213|
|2.779669|
|2.845944|
|-2.937488|
|-1.474742|
|-3.979230|
|13.174842|
|5.233935|
|4.615616|
|2.509886|
|-0.838675|
|-0.617184|
|-2.261190|
|2.114446|
|1.087296|
|2.691867|
|8.533642|
|9.074513|
|24.292811|
|-0.575420|
|2.410367|
|4.466220|
|0.793116|
|6.009072|
|-7.784021|
|2.343350|
|3.232107|
|12.313216|
|4.812300|
|-0.753020|
|1.584298|
|0.165221|
|11.818342|
|-5.792130|
|2.219935|
|1.049444|
|-0.048372|
|-1.319469|
|14.097238|
|-0.733621|
|2.633218|
|-0.412725|
|4.631740|
|4.729706|
|6.912433|
|2.884184|
|-1.821059|
|4.336440|
|2.087737|
|0.452124|
|-3.370479|
|-3.907111|
|3.086394|
|-42.478311|
|6.474794|
|-4.935582|
|-6.590555|
|-1.562831|
|12.656278|
|4.384047|
|-2.961680|
|1.514462|
|-2.654994|
|0.534375|
|-2.968735|
|-0.936201|
|15.496483|
|39.124419|
|5.081291|
|16.690201|
|5.145955|
|6.167289|
|0.599881|
|6.875520|
|2.817896|
|-6.131321|
|8.394349|
|44.364175|
|10.889891|
|0.711129|
|15.795981|
|2.798008|
|4.064811|
|0.692122|
|3.551641|
|4.154712|
|-0.281642|
|4.868969|
|-0.796838|
|0.458545|
|5.934351|
|2.821046|
|2.938341|
|3.068916|
|3.437515|
|-3.062463|
|5.695976|
|0.659393|
|24.244676|
|0.500147|
|-0.449131|
|1.169206|
|3.310205|
|7.614626|
|2.630725|
|5.134727|
|2.559265|
|-0.809323|
|5.166786|
|2.391344|
|4.032955|
|0.222693|
|6.105072|
|-132.281743|
|28.313856|
|1.322465|
|4.921697|
|-2.022807|
|1.995283|
|39.221210|
|2.333233|
|0.719986|
|44.263173|
|3.599022|
|0.645971|
|2.891334|
|3.224111|
|-1.096203|
|19.920357|
|0.243285|
|28.471488|
|-0.036364|
|42.252390|
|2.958519|
|3.805889|
|-2.601737|
|-1.338219|
|3.128279|
|-0.087646|
|6.161731|
|1.496802|
|-8.920827|
|58.432344|
|-0.026132|
|0.006839|
|39.671374|
|1.620006|
|1.466021|
|32.338571|
|-0.799802|
|5.185217|
|-0.556496|
|39.352905|
|-0.659545|
|19.758567|
|-3.516855|
|11.958116|
|2.819943|
|2.404464|
|-0.963614|
|0.307976|
|1.731009|
|0.089070|
|38.688526|
|23.355873|
|23.423107|
|1.766383|
|2.911144|
|40.987223|
|2.310517|
|-4.959824|
|12.661065|
|4.902613|
|5.907922|
|35.666986|
|6.560169|
|2.827091|
|7.922782|
|0.597178|
|6.039393|
|-1.302956|
|-9.026319|
|-2.772645|
|4.924366|
|-2.572161|
|0.662265|
|19.595026|
|3.670844|
|-30.590780|
|1.154708|
|2.257426|
|-1.877838|
|3.635434|
|0.454896|
|3.225260|
|9.101310|
|2.672914|
|513.784365|
|3.477142|
|-1.358377|
|-2.344528|
|40.271134|
|3.564328|
|-1.714481|
|-0.441173|
|0.643035|
|-3.336425|
|4.503704|
|4.272806|
|2.190810|
|6.009538|
|-0.270276|
|-0.072871|
|3.100467|
|-3.936622|
|5.846786|
|-2.321636|
|5.072866|
|3.050745|
|2.316465|
|8.751528|
|2.964985|
|6.766408|
|-1.356755|
|-0.184332|
|-0.106595|
|3.552344|
|1.934814|
|0.252279|
|1.189763|
|6.812188|
|0.890194|
|6.576225|
|-0.379546|
|-1.305509|
|3.882478|
|0.265418|
|1.206738|
|3.086402|
|7.768989|
|-1.353168|
|10.876421|
|10.437462|
|9.029799|
|4.357344|
|-2.213806|
|-2.772570|
|-1.975227|
|11.989310|
|-10.713704|
|4.514796|
|0.202243|
|16.149731|
|9.534227|
|-1.920000|
|0.835084|
|-2.095883|
|0.165111|
|-0.049457|
|-7.328752|
|1.714059|
|0.207588|
|-0.506679|
|4.183736|
|1.667379|
|-2.422835|
|-4.105725|
|-0.797021|
|2.140855|
|2.299096|
|-0.262197|
|-3.423101|
|5.276389|
|7.078389|
|-0.628086|
|3.282950|
|3.911887|
|12.568401|
|-1.591546|
|0.075119|
|7.535182|
|16.852178|
|1.659427|
|18.861590|
|1.495200|
|1.664136|
|0.816787|
|6.291302|
|3.340038|
|4.141995|
|-1.525870|
|18.453706|
|8.604565|
|-2.275921|
|8.596289|
|2.875730|
|2.169814|
|-3.213067|
|1.598219|
|1.568475|
|1.560372|
|-0.859449|
|-12.619758|
|3.401705|
|2.616273|
|-0.902465|
|-0.146536|
|-3.228694|
|-0.927421|
|-1.476213|
|8.773969|
|1.371786|
|-0.145341|
|-2.172551|
|6.259374|
|1.789213|
|4.222440|
|6.502992|
|6.480412|
|-15.396184|
|-2.734916|
|21.068373|
|-0.590054|
|21.372276|
|0.333494|
|-0.238586|
|709.379503|
|4.789673|
|2.628303|
|12.349714|
|2.395059|
|0.970459|
|20.926673|
|5.085472|
|3.213000|
|3.254250|
|-8.135905|
|7.506690|
|-1.178616|
|-9.642308|
|3.688817|
|4.857566|
|1.364640|
|-1.471629|
|884.291866|
|3.244020|
|-0.759717|
|0.070079|
|4.729750|
|3.478552|
|-1.078639|
|8.441153|
|3.964868|
|6.810009|
|-0.648578|
|9.494656|
|1.075064|
|16.291043|
|12.307025|
|11.994943|
|1.583041|
|5.742668|
|0.428990|
|8.693419|
|8.239366|
|-3.391305|
|4.766265|
|10.780934|
|59.826911|
|1.491134|
|17.826852|
|1.502220|
|4.083951|
|4.955049|
|-31.337069|
|-0.576429|
|-2.121775|
|4.903038|
|-2.160755|
|24.555251|
|9.234086|
|1.230806|
|6.939106|
|-4.672750|
|3.979255|
|10.595324|
|-0.382143|
|2.603917|
|3.814566|
|-4.675378|
|6.834922|
|44.259150|
|-0.624693|
|14.839518|
|-0.522837|
|2.843224|
|-6.646696|
|3.635067|
|-0.297576|
|-1.076072|
|-1.981906|
|0.388321|
|13.469977|
|15.305315|
|8.698124|
|0.592761|
|6.115267|
|2.706305|
|3.965693|
|16.206826|
|-40.113386|
|3.001835|
|0.666620|
|-0.160873|
|7.933697|
|4.988536|
|2.178450|
|4.512558|
|-1.399017|
|-0.802770|
|2.010205|
|2.850953|
|-0.892098|
|16.795018|
|2.374962|
|2.634968|
|8.183526|
|12.882134|
|25.330277|
|19.857001|
|10.266669|
|3.733991|
|7.035725|
|5.706740|
|-1.349831|
|4.742290|
|16.089567|
|-0.160155|
|8.018166|
|7.728154|
|8.919715|
|7.727374|
|2.242667|
|2.850343|
|32.183513|
|2.547601|
|-0.310929|
|55.292412|
|2.978055|
|26.179119|
|5.620772|
|-0.159108|
|0.859093|
|-0.740451|
|-0.366927|
|3.103786|
|9.668999|
|0.656400|
|-1.083645|
|1.668951|
|-375.178386|
|-0.736154|
|1.436070|
|0.662436|
|2.348952|
|-2.740851|
|0.910313|
|5.194211|
|6.429305|
|-2.259717|
|23.929880|
|-0.101203|
|30.646195|
|0.183681|
|0.511913|
|4.052221|
|10.021241|
|4.787562|
|1.193224|
|4.592817|
|8.566546|
|8.323604|
|-2.880647|
|2.023236|
|-1.283001|
|1.915193|
|5.742942|
|3.825348|
|-3.040883|
|-0.381006|
|-2.571389|
|-2.099881|
|1.872326|
|11.435437|
|4.458087|
|0.993236|
|-0.249823|
|3.498512|
|-2.623935|
|2.928996|
|4.561865|
|9.890814|
|6.862903|
|8.048552|
|1.618082|
|159.643789|
|0.336335|
|-0.210438|
|0.348814|
|0.043360|
|1.198825|
|0.113350|
|-1.124981|
|5.625962|
|7.819621|
|8.475835|
|2.626960|
|-2.146771|
|-0.671804|
|2.272161|
|-2.411636|
|-16.206861|
|-0.380985|
|4.187779|
|0.633375|
|6.891432|
|0.884590|
|-0.014228|
|3.148319|
|4.511099|
|0.083492|
|-0.056682|
|-0.437356|
|36.693633|
|1.243549|
|-6.001989|
|-0.930514|
|3.659205|
|47.181144|
|-1.419745|
|7.114951|
|6.411568|
|4.997187|
|13.460781|
|-0.773453|
|-3.105033|
|5.831376|
|13.620671|
|-0.523967|
|4.361056|
|-1.639617|
|3.262039|
|-1.124496|
|-1.726453|
|-1.319993|
|15.480107|
|-2.322343|
|0.578665|
|-1.719058|
|4.037309|
|-3.451361|
|14.139864|
|10.923704|
|0.140157|
|1.340203|
|5.330779|
|7.290363|
|3.185537|
|1.342155|
|-2.266967|
|-0.322769|
|18.860150|
|-2.695689|
|7.982901|
|6.438357|
|-0.662161|
|0.101544|
|3.617277|
|-2.843769|
|29.474627|
|-5.307884|
|-6.199969|
|3.193794|
|3.951760|
|4.071860|
|2.689742|
|0.306714|
|2.392750|
|-2.094424|
|0.622003|
|0.700728|
|-0.372795|
|1.643185|
|-1.185422|
|-1.832983|
|4.023094|
|17.710454|
|3.977560|
|1.772350|
|-4.181206|
|19.310442|
|-0.432740|
|20.282443|
|3.390311|
|0.838955|
|12.347453|
|72.203342|
|3.750785|
|7.275551|
|7.862652|
|-6.053664|
|4.176929|
|-0.506609|
|-1.090412|
|5.310864|
|4.796996|
|137.009717|
|3.133552|
|11.835768|
|-6.042013|
|0.770458|
|-4.568110|
|14.083558|
|2.319971|
|2.326142|
|-2.074016|
|-2.059024|
|5.110649|
|4.711586|
|14.326734|
|13.153027|
|-30.940470|
|35.346767|
|5.845840|
|1.689855|
|-0.497958|
|2.477186|
|2.334929|
|-11.644346|
|1.046425|
|-3.879131|
|-1.049124|
|-1.221544|
|4.413440|
|-0.674495|
|4.106802|
|97.481258|
|-2.728076|
|-14.311598|
|6.542357|
|142.568134|
|-0.713029|
|-1.485200|
|-4.568273|
|-3.969706|
|1.411650|
|1.377606|
|-2.577709|
|4.137059|
|1.811022|
|2.169943|
|2.569420|
|1.331159|
|-2.325680|
|-4.078851|
|-0.306852|
|9.480901|
|1.330727|
|3.998409|
|0.490178|
|-3.418976|
|7.521765|
|1.706450|
|-1.648578|
|3.077207|
|2.440832|
|-1.034328|
|-0.139521|
|-2.552287|
|9.539652|
|8.537200|
|-0.183383|
|2.466039|
|-1.059427|
|4.560497|
|2.794235|
|-6.441519|
|0.507809|
|-0.803383|
|0.966256|
|-9.473425|
|-2.966208|
|11.619360|
|-2.609089|
|-1.160016|
|15.210662|
|3.418818|
|-1.178891|
|-1.790892|
|-2.138592|
|3.621439|
|-2.364645|
|-4.221328|
|-1.701328|
|-1.571173|
|9.282045|
|-1.800374|
|-3.477335|
|0.623617|
|-3.267132|
|4.168603|
|0.356096|
|24.160266|
|0.098542|
|28.946066|
|1.892084|
|1.020931|
|1.517773|
|-0.320279|
|0.884961|
|70.304036|
|29.881302|
|0.953125|
|-3.019355|
|-12.880834|
|2.726748|
|2.959556|
|11.968117|
|2.235269|
|-1.181150|
|4.085482|
|20.553843|
|0.585911|
|1.180870|
|-3.471303|
|0.523731|
|1.723079|
|3.745286|
|4.057821|
|20.721020|
|-0.879047|
|-2.530739|
|0.058139|
|-0.540425|
|1.232622|
|55.083446|
|-21.170664|
|26.165189|
|65.887054|
|-0.319320|
|1.463127|
|2.368474|
|-0.999125|
|1.149997|
|4.406099|
|7.089433|
|12.887040|
|0.957457|
|1.025309|
|6.297493|
|1.251351|
|2.210609|
|7.481006|
|4.976206|
|6.280097|
|8.950370|
|8.146120|
|14.198497|
|-4.308844|
|15.297592|
|0.729035|
|2.783855|
|6.217648|
|12.524381|
|1.661197|
|-2.775780|
|15.340856|
|-1.901621|
|-137.204750|
|2.583422|
|5.526719|
|31.441444|
|177.403646|
|6.616027|
|-1.333897|
|27.774656|
|3.608163|
|4.527227|
|15.255201|
|2.365321|
|-1.153975|
|0.164078|
|2.799693|
|2.017121|
|22.847809|
|-0.284361|
|5.620799|
|0.742934|
|0.995374|
|-1.415932|
|-2.657569|
|3.799227|
|0.041788|
|8.701584|
|2.932719|
|2.773700|
|-3.870667|
|-9.841521|
|2.668829|
|0.746456|
|4.490482|
|-4.201245|
|3.307504|
|-1.608012|
|3.904903|
|6.904904|
|4.809248|
|19.023030|
|6.168616|
|3.096207|
|4.176704|
|-7.773664|
|30.158617|
|-0.915719|
|1.949627|
|-0.318801|
|2.710951|
|-1.137809|
|4.964433|
|6.687870|
|5.105544|
|3.458867|
|1.895069|
|3.126801|
|-0.873914|
|1.780396|
|3.945306|
|-0.512862|
|-3.192464|
|-0.563892|
|1.268367|
|-0.606009|
|-1.539173|
|6.892170|
|5.031011|
|1.868957|
|1.649997|
|2.867339|
|-10.554386|
|5.101685|
|2.673504|
|2.982374|
|-17.582253|
|0.952645|
|3.489738|
|4.022377|
|-0.800639|
|33.127137|
|-1.718922|
|-0.402195|
|1.990155|
|3.576672|
|-33.489640|
|1.536707|
|3.928411|
|-1.727567|
|-4.207317|
|-0.231992|
|3.658576|
|-0.329071|
|8.907450|
|5.333952|
|0.926369|
|-0.817043|
|9.328766|
|1.823815|
|3.593917|
|2.921468|
|5.560195|
|5.015772|
|6.502199|
|0.073739|
|1.487275|
|-0.803734|
|-0.445661|
|2.029411|
|-0.054916|
|3.127392|
|-4.938881|
|4.420282|
|1.356547|
|-1.600991|
|-3.600098|
|-165.257875|
|1.477683|
|14.600204|
|3.415337|
|-1.750810|
|2.752976|
|-2.176004|
|-4.788851|
|0.214968|
|10.671355|
|0.132498|
|2.631947|
|6.308091|
|1.041491|
|5.241315|
|2.286115|
|17.916290|
|9.348346|
|3.567093|
|2.521667|
|1.995459|
|-1.941689|
|21.577044|
|-1.273369|
|-5.960222|
|-1.531785|
|-1.218418|
|5.331663|
|4.399468|
|-1.221340|
|-11.400854|
|-2.943645|
|-0.473149|
|-2.221631|
|-1.232981|
|4.273382|
|-20.415915|
|-3.423131|
|-0.670958|
|-0.016523|
|-0.246915|
|-3.462297|
|3.043207|
|-1.991227|
|-1.033016|
|4.269968|
|1.629685|
|1.668345|
|5.521061|
|7.457119|
|4.671560|
|2.518884|
|4.162127|
|6.689776|
|-0.873506|
|2.328769|
|-1.468779|
|-0.623782|
|3.948319|
|0.781485|
|0.261741|
|-0.153474|
|-2.297245|
|3.762334|
|2.435715|
|1.609124|
|-2.028571|
|115.440962|
|4.877974|
|-3.609915|
|-0.212385|
|2.716706|
|5.441048|
|11.008024|
|26.507649|
|-1.646376|
|0.380232|
|8.496857|
|-1.692060|
|-2.056879|
|15.382779|
|3.402431|
|-0.746159|
|1.449108|
|0.001652|
|-8.781031|
|4.415856|
|-1.395928|
|3.933224|
|1.195948|
|-4.276032|
|-1.980472|
|2.854616|
|0.336533|
|10.763356|
|2.726135|
|2.087467|
|-1.667838|
|5.908412|
|1.527732|
|1.398553|
|4.612145|
|121.828767|
|5.604749|
|2.414662|
|3.301761|
|-0.666246|
|-0.346307|
|-1.568354|
|5.913622|
|-2.510087|
|2.332991|
|-2.573589|
|5.359259|
|0.557693|
|-0.400337|
|5.035883|
|0.642640|
|-2.754255|
|19.326843|
|4.139066|
|0.048000|
|-0.920386|
|6.675362|
|-3.777898|
|-4.392512|
|69.629019|
|-0.255998|
|2.369816|
|-1.133979|
|3.480197|
|2.870935|
|3.970834|
|2.519292|
|4.283872|
|-0.234799|
|12.773842|
|4.570740|
|0.880461|
|2.239113|
|0.607512|
|7.088184|
|2.221949|
|1.433170|
|-5.752526|
|-9.252833|
|6.095377|
|0.011706|
|0.923277|
|0.942553|
|6.842517|
|1.598685|
|4.694168|
|0.364693|
|2.080513|
|0.087211|
|10.942054|
|3.426860|
|-1.489314|
|-2.350221|
|9.742504|
|1.434097|
|-1.233545|
|27.995824|
|0.566927|
|-2.867914|
|3.619055|
|3.276697|
|-1.189767|
|18.081348|
|-0.299332|
|-3.204517|
|0.819203|
|1.597662|
|1.968890|
|3.440618|
|-2.000352|
|2.249223|
|0.567057|
|11.387919|
|3.477137|
|2.075495|
|-1.981709|
|-4.101346|
|-2.549756|
|3.074196|
|-3.326316|
|1.459440|
|6.435588|
|7.622416|
|-6.391074|
|0.641842|
|9.258624|
|4.298683|
|17.242032|
|-15.646720|
|141.917743|
|-2.058633|
|2.998567|
|0.726228|
|-1.398765|
|3.608520|
|3.549332|
|-1.018345|
|19.882463|
|-0.616153|
|1.434884|
|3.572971|
|-2.470681|
|4.889765|
|-14.129790|
|-141.661846|
|1.976350|
|-6.101136|
|4.423786|
|0.500163|
|3.487357|
|3.874788|
|3.545927|
|28.197338|
|2.600690|
|0.425763|
|1.970825|
|-1.825729|
|4.599953|
|4.891776|
|-4.469041|
|432.324584|
|67.197109|
|5.115488|
|7.209733|
|10.337563|
|5.572826|
|4.453377|
|1.956654|
|49.765457|
|1.047533|
|15.510835|
|70.668203|
|-3.602306|
|2.295261|
|-1.796536|
|-1.869005|
|12.843473|
|-2.221420|
|5.604558|
|2.899584|
|-1.021356|
|-13.307857|
|2.246541|
|23.561324|
|6.794674|
|2.533064|
|-0.418661|
|5.129779|
|4.226068|
|-7.216160|
|0.865189|
|7.240154|
|-1.532649|
|-14.169740|
|0.285215|
|3.606885|
|10.168166|
|9.441278|
|2.876125|
|-3.826960|
|3.397797|
|1.721409|
|1.447507|
|3.930993|
|-2.306088|
|0.742376|
|5.388042|
|0.887177|
|0.034580|
|-1.395683|
|2.382221|
|2.209004|
|5.631706|
|2.723224|
|2.478533|
|2.968569|
|0.885630|
|6.282597|
|-0.746390|
|4.162776|
|-0.726921|
|4.471014|
|2.681262|
|3.893439|
|2.922787|
|2.045468|
|6.987515|
|2.869917|
|2.644279|
|-1.159635|
|0.467424|
|0.896666|
|5.857714|
|2.049515|
|-3.361596|
|3.163222|
|0.067286|
|1.098159|
|-1.713195|
|3.293670|
|-0.207649|
|6.645908|
|25.448131|
|3.685456|
|-0.040143|
|6.343376|
|2.978464|
|2.034386|
|0.326319|
|8.567547|
|5.046538|
|-14.279581|
|41.108729|
|-1.761205|
|2.557208|
|-1.736997|
|71.904919|
|-3.869559|
|10.478550|
|4.865548|
|-3.580980|
|0.201439|
|-0.867953|
|-1.269270|
|1.709799|
|-0.085287|
|1.082390|
|-1.337548|
|-6.374775|
|2.599161|
|-0.684650|
|1.847987|
|2.079426|
|10.229876|
|-2.184382|
|9.335600|
|5.254916|
|0.047412|
|0.123379|
|4.642396|
|-0.713465|
|7.944615|
|4.505140|
|-1.807848|
|3.279362|
|4.086437|
|28.919964|
|2.056147|
|-1.019687|
|180.694973|
|-0.312448|
|6.341676|
|2.616725|
|2.428108|
|2.600579|
|2.013756|
|4.107771|
|2.058818|
|4.358546|
|-0.142415|
|-3.791529|
|6.265240|
|-14.958899|
|-0.632991|
|33.257271|
|3.683413|
|-5.896582|
|5.437379|
|2.338405|
|9.837074|
|6.801827|
|6.566624|
|-0.961766|
|4.728319|
|0.465929|
|5.028596|
|-4.457132|
|0.250489|
|294.567291|
|5.747505|
|0.838900|
|21.538571|
|1.428239|
|1.062464|
|-1.595745|
|1.862318|
|7.971078|
|7.439188|
|38.503162|
|4.535839|
|6.127950|
|140.424638|
|2.931326|
|6.911821|
|-5.779943|
|-32.530600|
|-2.210433|
|0.779525|
|3.613774|
|-1.682555|
|-3.432754|
|3.356076|
|-7.486319|
|37.200393|
|1.187611|
|21.133023|
|0.240537|
|-0.180996|
|-1.159274|
|6.395298|
|-19.509253|
|-0.243542|
|2.641130|
|4.432053|
|7.570381|
|-0.722341|
|4.144933|
|-1.801143|
|6.707792|
|-1.791441|
|-0.066813|
|2.021395|
|-6.960271|
|-1.976725|
|-2.441665|
|-0.494966|
|2.330019|
|4.700650|
|-0.525874|
|2.648389|
|-1.392756|
|3.269412|
|4.683280|
|8.180519|
|-1.101125|
|0.647184|
|-2.731591|
|8.123230|
|8.408663|
|0.383447|
|7.244269|
|7.048707|
|-0.343535|
|-1.069176|
|9.586435|
|10.538010|
|0.871929|
|0.225857|
|67.908892|
|-4.382904|
|3.193318|
|8.406436|
|50.135306|
|2.577162|
|0.018732|
|3.888278|
|20.591314|
|4.196638|
|4.733663|
|2.633192|
|10.472080|
|16.603642|
|2.099756|
|2.199807|
|-1.725408|
|0.440212|
|2.396434|
|11.471648|
|3.386090|
|7.096535|
|-2.477691|
|2.873102|
|-2.333442|
|-2.786093|
|3.170153|
|-3.145554|
|4.267871|
|7.000175|
|5.466231|
|6.079557|
|14.405337|
|3.368851|
|6.441617|
|5.544434|
|1.792807|
|3.293124|
|2.962326|
|5.245725|
|6.579357|
|5.311434|
|-28.797369|
|-1.564530|
|-0.235802|
|2.577641|
|0.581412|
|-0.626252|
|3.194424|
|-0.736508|
|-4.157214|
|0.728988|
|2.505420|
|21.681521|
|4.602390|
|-3.775688|
|3.698499|
|-1.734804|
|9.891818|
|3.061970|
|-0.112276|
|-1.466245|
|2.171136|
|-1.601526|
|5.033018|
|5.200558|
|-2.519139|
|4.816997|
|2.300618|
|5.095868|
|16.653925|
|22.520722|
|2.098322|
|-0.173751|
|17.135821|
|15.109179|
|-1.064830|
|4.202331|
|-4.186889|
|6.136444|
|54.329928|
|6.772255|
|0.322820|
|-1.464610|
|7.602673|
|5.739821|
|3.019013|
|3.608663|
|-4.919447|
|2.686189|
|-1.437469|
|-2.195531|
|1.382543|
|1.571688|
|5.174738|
|1.526329|
|32.140515|
|2.605422|
|2.428624|
|-0.912851|
|0.563538|
|3.064689|
|0.490554|
|6.825710|
|5.936308|
|28.917128|
|2.013612|
|-2.531504|
|2.464242|
|3.837046|
|-0.664322|
|4.904789|
|18.162869|
|-0.522042|
|4.083730|
|11.566131|
|-3.889962|
|-1.226538|
|-6.253699|
|3.807391|
|11.310242|
|121.316708|
|41.848712|
|8.026559|
|-9.847479|
|-11.513790|
|-8.198987|
|3.125001|
|3.181410|
|2.848068|
|0.639338|
|-2.282828|
|2.375239|
|9.271396|
|1.058397|
|2.208781|
|5.539279|
|6.119402|
|5.282805|
|0.183677|
|3.496275|
|-0.148217|
|1.601898|
|25.967378|
|0.615656|
|-1.680060|
|3.938590|
|-2.091040|
|5.587548|
|-5.463459|
|-0.472413|
|-1.738813|
|-0.479692|
|6.522499|
|-0.768968|
|2.431851|
|3.800777|
|-1.735940|
|-0.282436|
|-0.871901|
|27.789025|
|2.057606|
|1.947512|
|22.275269|
|-9.247973|
|2.095594|
|-3.085913|
|-8.266131|
|-0.975576|
|20.933549|
|-0.026523|
|4.969807|
|-0.418309|
|-1.372507|
|8.885623|
|-9.591293|
|4.752876|
|18.400050|
|33.077725|
|3.617932|
|-0.119628|
|-0.981154|
|4.449271|
|3.940741|
|30.093895|
|2.818853|
|3.369610|
|4.292657|
|-5.386302|
|-1.601808|
|6041.747319|
|-2.596757|
|51.034703|
|6.842309|
|-0.679666|
|-5.017548|
|-3.860940|
|6.208625|
|0.317849|
|-1.818734|
|3.084940|
|64.334957|
|9.337961|
|-1.549258|
|44.783170|
|2.026273|
|-0.818757|
|10.488637|
|3.751637|
|4.293971|
|3.186327|
|6.745750|
|0.304757|
|3.115572|
|-2.513035|
|-1.097528|
|-42.347399|
|-0.167691|
|-0.806074|
|-0.236126|
|0.240460|
|62.962973|
|-1.376738|
|10.449994|
|6.859482|
|-2.357122|
|7.963409|
|6.552716|
|3.549136|
|1.309136|
|5.121361|
|-63.817492|
|16.801872|
|9.058190|
|49.693605|
|11.701740|
|7.496160|
|-2.801388|
|5.833201|
|19.204116|
|8.878264|
|-0.092663|
|10.869985|
|1703.183246|
|17.264517|
|-1.026000|
|7.864126|
|2.748682|
|4.751608|
|7.262339|
|-37.551729|
|1.101093|
|-0.890421|
|-0.603842|
|-0.200823|
|-1.803765|
|-7.159285|
|-0.289838|
|0.310355|
|-4.011805|
|-0.599402|
|16.360517|
|13.419169|
|0.574008|
|3.704451|
|-1.313308|
|-1.220641|
|6.768405|
|2.721041|
|3.476788|
|-0.931791|
|-0.292914|
|0.791172|
|-0.349512|
|0.067456|
|2.730632|
|4.960968|
|27.839793|
|1.096945|
|5.693193|
|-2.140631|
|-0.452537|
|2.959888|
|-7.183482|
